step,date,action,price,position,portfolio_value,reward
0,2015-01-23,0,13.419333457946776,0,10000.0,0.0
1,2015-01-26,0,13.770000457763672,0,10000.0,0.0
2,2015-01-27,2,13.732000350952148,0,10000.0,0.0
3,2015-01-28,0,13.291333198547363,0,10000.0,0.0
4,2015-01-29,0,13.68000030517578,0,10000.0,0.0
5,2015-01-30,0,13.57333278656006,0,10000.0,0.0
6,2015-02-02,0,14.062666893005373,0,10000.0,0.0
7,2015-02-03,0,14.557332992553713,0,10000.0,0.0
8,2015-02-04,0,14.56999969482422,0,10000.0,0.0
9,2015-02-05,0,14.732666969299316,0,10000.0,0.0
10,2015-02-06,0,14.490667343139648,0,10000.0,0.0
11,2015-02-09,0,14.498666763305664,0,10000.0,0.0
12,2015-02-10,0,14.419333457946776,0,10000.0,0.0
13,2015-02-11,0,14.186667442321776,0,10000.0,0.0
14,2015-02-12,0,13.525333404541016,0,10000.0,0.0
15,2015-02-13,0,13.584667205810549,0,10000.0,0.0
16,2015-02-17,2,13.623332977294922,0,10000.0,0.0
17,2015-02-18,2,13.630666732788086,0,10000.0,0.0
18,2015-02-19,0,14.11400032043457,0,10000.0,0.0
19,2015-02-20,0,14.473999977111816,0,10000.0,0.0
20,2015-02-23,0,13.822667121887209,0,10000.0,0.0
21,2015-02-24,0,13.607333183288574,0,10000.0,0.0
22,2015-02-25,0,13.583999633789062,0,10000.0,0.0
23,2015-02-26,0,13.812666893005373,0,10000.0,0.0
24,2015-02-27,0,13.555999755859377,0,10000.0,0.0
25,2015-03-02,0,13.155332565307615,0,10000.0,0.0
26,2015-03-03,0,13.303999900817873,0,10000.0,0.0
27,2015-03-04,2,13.496000289916992,0,10000.0,0.0
28,2015-03-05,2,13.375332832336426,0,10000.0,0.0
29,2015-03-06,0,12.925333023071287,0,10000.0,0.0
30,2015-03-09,0,12.725333213806152,0,10000.0,0.0
31,2015-03-10,0,12.687999725341797,0,10000.0,0.0
32,2015-03-11,0,12.916000366210938,0,10000.0,0.0
33,2015-03-12,2,12.73799991607666,0,10000.0,0.0
34,2015-03-13,0,12.57866668701172,0,10000.0,0.0
35,2015-03-16,0,13.046667098999023,0,10000.0,0.0
36,2015-03-17,0,12.982000350952148,0,10000.0,0.0
37,2015-03-18,2,13.380666732788086,0,10000.0,0.0
38,2015-03-19,2,13.043333053588867,0,10000.0,0.0
39,2015-03-20,0,13.20533275604248,0,10000.0,0.0
40,2015-03-23,2,13.308667182922363,0,10000.0,0.0
41,2015-03-24,0,13.447999954223633,0,10000.0,0.0
42,2015-03-25,0,12.953332901000977,0,10000.0,0.0
43,2015-03-26,0,12.694000244140623,0,10000.0,0.0
44,2015-03-27,0,12.333333015441896,0,10000.0,0.0
45,2015-03-30,0,12.704667091369627,0,10000.0,0.0
46,2015-03-31,0,12.584667205810549,0,10000.0,0.0
47,2015-04-01,0,12.505999565124512,0,10000.0,0.0
48,2015-04-02,2,12.733332633972168,0,10000.0,0.0
49,2015-04-06,0,13.539999961853027,0,10000.0,0.0
50,2015-04-07,2,13.550000190734863,0,10000.0,0.0
51,2015-04-08,0,13.844667434692385,0,10000.0,0.0
52,2015-04-09,0,14.005999565124512,0,10000.0,0.0
53,2015-04-10,2,14.0600004196167,0,10000.0,0.0
54,2015-04-13,2,13.985333442687988,0,10000.0,0.0
55,2015-04-14,2,13.830666542053224,0,10000.0,0.0
56,2015-04-15,2,13.85533332824707,0,10000.0,0.0
57,2015-04-16,0,13.779999732971191,0,10000.0,0.0
58,2015-04-17,0,13.78600025177002,0,10000.0,0.0
59,2015-04-20,0,13.684666633605955,0,10000.0,0.0
60,2015-04-21,0,13.96066665649414,0,10000.0,0.0
61,2015-04-22,0,14.629332542419434,0,10000.0,0.0
62,2015-04-23,0,14.57333278656006,0,10000.0,0.0
63,2015-04-24,0,14.562000274658203,0,10000.0,0.0
64,2015-04-27,0,15.436667442321776,0,10000.0,0.0
65,2015-04-28,0,15.36533260345459,0,10000.0,0.0
66,2015-04-29,0,15.49666690826416,0,10000.0,0.0
67,2015-04-30,2,15.06999969482422,0,10000.0,0.0
68,2015-05-01,0,15.0686674118042,0,10000.0,0.0
69,2015-05-04,0,15.36733341217041,0,10000.0,0.0
70,2015-05-05,0,15.529999732971191,0,10000.0,0.0
71,2015-05-06,0,15.362000465393066,0,10000.0,0.0
72,2015-05-07,0,15.786666870117188,0,10000.0,0.0
73,2015-05-08,0,15.77400016784668,0,10000.0,0.0
74,2015-05-11,0,15.965999603271484,0,10000.0,0.0
75,2015-05-12,0,16.31599998474121,0,10000.0,0.0
76,2015-05-13,0,16.211999893188477,0,10000.0,0.0
77,2015-05-14,0,16.273332595825195,0,10000.0,0.0
78,2015-05-15,0,16.589332580566406,0,10000.0,0.0
79,2015-05-18,0,16.583332061767578,0,10000.0,0.0
80,2015-05-19,0,16.47599983215332,0,10000.0,0.0
81,2015-05-20,0,16.290000915527344,0,10000.0,0.0
82,2015-05-21,0,16.374666213989258,0,10000.0,0.0
83,2015-05-22,0,16.51533317565918,0,10000.0,0.0
84,2015-05-26,0,16.497333526611328,0,10000.0,0.0
85,2015-05-27,0,16.495332717895508,0,10000.0,0.0
86,2015-05-28,0,16.76333236694336,0,10000.0,0.0
87,2015-05-29,0,16.719999313354492,0,10000.0,0.0
88,2015-06-01,0,16.6299991607666,0,10000.0,0.0
89,2015-06-02,0,16.55666732788086,0,10000.0,0.0
90,2015-06-03,0,16.599332809448242,0,10000.0,0.0
91,2015-06-04,0,16.39466667175293,0,10000.0,0.0
92,2015-06-05,0,16.609333038330078,0,10000.0,0.0
93,2015-06-08,0,17.086000442504883,0,10000.0,0.0
94,2015-06-09,2,17.066667556762695,0,10000.0,0.0
95,2015-06-10,0,16.713333129882812,0,10000.0,0.0
96,2015-06-11,2,16.76066780090332,0,10000.0,0.0
97,2015-06-12,0,16.71266746520996,0,10000.0,0.0
98,2015-06-15,0,16.691999435424805,0,10000.0,0.0
99,2015-06-16,0,16.874666213989258,0,10000.0,0.0
100,2015-06-17,0,17.360666275024414,0,10000.0,0.0
101,2015-06-18,0,17.459333419799805,0,10000.0,0.0
102,2015-06-19,0,17.500667572021484,0,10000.0,0.0
103,2015-06-22,0,17.319332122802734,0,10000.0,0.0
104,2015-06-23,0,17.844667434692383,0,10000.0,0.0
105,2015-06-24,0,17.67799949645996,0,10000.0,0.0
106,2015-06-25,0,17.91933250427246,0,10000.0,0.0
107,2015-06-26,0,17.805999755859375,0,10000.0,0.0
108,2015-06-29,2,17.468000411987305,0,10000.0,0.0
109,2015-06-30,0,17.884000778198242,0,10000.0,0.0
110,2015-07-01,0,17.94333267211914,0,10000.0,0.0
111,2015-07-02,0,18.667999267578125,0,10000.0,0.0
112,2015-07-06,0,18.64800071716309,0,10000.0,0.0
113,2015-07-07,0,17.858667373657227,0,10000.0,0.0
114,2015-07-08,0,16.997333526611328,0,10000.0,0.0
115,2015-07-09,0,17.19466781616211,0,10000.0,0.0
116,2015-07-10,0,17.27666664123535,0,10000.0,0.0
117,2015-07-13,0,17.477333068847656,0,10000.0,0.0
118,2015-07-14,0,17.709999084472656,0,10000.0,0.0
119,2015-07-15,0,17.542667388916016,0,10000.0,0.0
120,2015-07-16,0,17.778667449951172,0,10000.0,0.0
121,2015-07-17,0,18.310667037963867,0,10000.0,0.0
122,2015-07-20,0,18.817333221435547,0,10000.0,0.0
123,2015-07-21,0,17.784666061401367,0,10000.0,0.0
124,2015-07-22,0,17.857999801635742,0,10000.0,0.0
125,2015-07-23,0,17.81333351135254,0,10000.0,0.0
126,2015-07-24,2,17.694000244140625,0,10000.0,0.0
127,2015-07-27,0,16.867332458496094,0,10000.0,0.0
128,2015-07-28,2,17.654666900634766,0,10000.0,0.0
129,2015-07-29,2,17.58799934387207,0,10000.0,0.0
130,2015-07-30,2,17.785999298095703,0,10000.0,0.0
131,2015-07-31,0,17.74333381652832,0,10000.0,0.0
132,2015-08-03,0,17.332666397094727,0,10000.0,0.0
133,2015-08-04,0,17.75200080871582,0,10000.0,0.0
134,2015-08-05,0,18.0086669921875,0,10000.0,0.0
135,2015-08-06,1,16.408666610717773,1,9990.0,-0.0010000000000000009
136,2015-08-07,2,16.167333602905273,0,9833.227455845825,-0.015692947362780263
137,2015-08-10,0,16.076000213623047,0,9833.227455845825,0.0
138,2015-08-11,2,15.824666976928713,0,9833.227455845825,0.0
139,2015-08-12,2,15.878000259399414,0,9833.227455845825,0.0
140,2015-08-13,2,16.167333602905273,0,9833.227455845825,0.0
141,2015-08-14,0,16.209999084472656,0,9833.227455845825,0.0
142,2015-08-17,0,16.999332427978516,0,9833.227455845825,0.0
143,2015-08-18,2,17.381332397460938,0,9833.227455845825,0.0
144,2015-08-19,0,17.016666412353516,0,9833.227455845825,0.0
145,2015-08-20,0,16.14533233642578,0,9833.227455845825,0.0
146,2015-08-21,0,15.38466739654541,0,9833.227455845825,0.0
147,2015-08-24,0,14.591333389282228,0,9833.227455845825,0.0
148,2015-08-25,0,14.66866683959961,0,9833.227455845825,0.0
149,2015-08-26,0,14.989333152770996,0,9833.227455845825,0.0
150,2015-08-27,0,16.19933319091797,0,9833.227455845825,0.0
151,2015-08-28,2,16.565332412719727,0,9833.227455845825,0.0
152,2015-08-31,2,16.604000091552734,0,9833.227455845825,0.0
153,2015-09-01,0,15.908666610717772,0,9833.227455845825,0.0
154,2015-09-02,2,16.512666702270508,0,9833.227455845825,0.0
155,2015-09-03,2,16.3713321685791,0,9833.227455845825,0.0
156,2015-09-04,2,16.1286678314209,0,9833.227455845825,0.0
157,2015-09-08,2,16.544666290283203,0,9833.227455845825,0.0
158,2015-09-09,0,16.5939998626709,0,9833.227455845825,0.0
159,2015-09-10,0,16.565332412719727,0,9833.227455845825,0.0
160,2015-09-11,0,16.682666778564453,0,9833.227455845825,0.0
161,2015-09-14,0,16.87933349609375,0,9833.227455845825,0.0
162,2015-09-15,0,16.904666900634766,0,9833.227455845825,0.0
163,2015-09-16,0,17.483333587646484,0,9833.227455845825,0.0
164,2015-09-17,0,17.471332550048828,0,9833.227455845825,0.0
165,2015-09-18,0,17.374666213989258,0,9833.227455845825,0.0
166,2015-09-21,0,17.613332748413086,0,9833.227455845825,0.0
167,2015-09-22,0,17.395999908447266,0,9833.227455845825,0.0
168,2015-09-23,0,17.40399932861328,0,9833.227455845825,0.0
169,2015-09-24,0,17.541332244873047,0,9833.227455845825,0.0
170,2015-09-25,0,17.12733268737793,0,9833.227455845825,0.0
171,2015-09-28,0,16.562000274658203,0,9833.227455845825,0.0
172,2015-09-29,0,16.44333267211914,0,9833.227455845825,0.0
173,2015-09-30,0,16.559999465942383,0,9833.227455845825,0.0
174,2015-10-01,1,15.991999626159668,1,9823.39422838998,-0.0009999999999998899
175,2015-10-02,0,16.504667282104492,1,10138.310224526731,0.032057758124644176
176,2015-10-05,0,16.40999984741211,1,10080.158926795806,-0.005735797824596545
177,2015-10-06,2,16.097333908081055,0,9878.209744933582,-0.020034325185626645
178,2015-10-07,2,15.46399974822998,0,9878.209744933582,0.0
179,2015-10-08,2,15.114666938781738,0,9878.209744933582,0.0
180,2015-10-09,2,14.71266746520996,0,9878.209744933582,0.0
181,2015-10-12,2,14.371999740600586,0,9878.209744933582,0.0
182,2015-10-13,0,14.616666793823242,0,9878.209744933582,0.0
183,2015-10-14,2,14.458666801452637,0,9878.209744933582,0.0
184,2015-10-15,2,14.753999710083008,0,9878.209744933582,0.0
185,2015-10-16,2,15.133999824523926,0,9878.209744933582,0.0
186,2015-10-19,2,15.206666946411133,0,9878.209744933582,0.0
187,2015-10-20,2,14.20199966430664,0,9878.209744933582,0.0
188,2015-10-21,0,14.005999565124512,0,9878.209744933582,0.0
189,2015-10-22,2,14.114666938781738,0,9878.209744933582,0.0
190,2015-10-23,0,13.939332962036133,0,9878.209744933582,0.0
191,2015-10-26,0,14.350666999816896,0,9878.209744933582,0.0
192,2015-10-27,0,14.023332595825195,0,9878.209744933582,0.0
193,2015-10-28,0,14.197333335876465,0,9878.209744933582,0.0
194,2015-10-29,0,14.108667373657228,0,9878.209744933582,0.0
195,2015-10-30,0,13.795332908630373,0,9878.209744933582,0.0
196,2015-11-02,2,14.252667427062988,0,9878.209744933582,0.0
197,2015-11-03,0,13.890000343322754,0,9878.209744933582,0.0
198,2015-11-04,2,15.44200038909912,0,9878.209744933582,0.0
199,2015-11-05,0,15.451333045959473,0,9878.209744933582,0.0
200,2015-11-06,0,15.490667343139648,0,9878.209744933582,0.0
201,2015-11-09,2,15.022000312805176,0,9878.209744933582,0.0
202,2015-11-10,2,14.43333339691162,0,9878.209744933582,0.0
203,2015-11-11,0,14.60533332824707,0,9878.209744933582,0.0
204,2015-11-12,2,14.196000099182127,0,9878.209744933582,0.0
205,2015-11-13,2,13.812666893005373,0,9878.209744933582,0.0
206,2015-11-16,2,14.28733253479004,0,9878.209744933582,0.0
207,2015-11-17,0,14.266667366027832,0,9878.209744933582,0.0
208,2015-11-18,2,14.73799991607666,0,9878.209744933582,0.0
209,2015-11-19,2,14.786666870117188,0,9878.209744933582,0.0
210,2015-11-20,0,14.667332649230955,0,9878.209744933582,0.0
211,2015-11-23,2,14.516667366027832,0,9878.209744933582,0.0
212,2015-11-24,2,14.550000190734863,0,9878.209744933582,0.0
213,2015-11-25,2,15.309332847595217,0,9878.209744933582,0.0
214,2015-11-27,0,15.440667152404783,0,9878.209744933582,0.0
215,2015-11-30,0,15.350666999816896,0,9878.209744933582,0.0
216,2015-12-01,0,15.812666893005373,0,9878.209744933582,0.0
217,2015-12-02,2,15.465999603271484,0,9878.209744933582,0.0
218,2015-12-03,0,15.513999938964844,0,9878.209744933582,0.0
219,2015-12-04,0,15.358667373657228,0,9878.209744933582,0.0
220,2015-12-07,0,15.408666610717772,0,9878.209744933582,0.0
221,2015-12-08,0,15.114666938781738,0,9878.209744933582,0.0
222,2015-12-09,0,14.968000411987305,0,9878.209744933582,0.0
223,2015-12-10,0,15.137999534606934,0,9878.209744933582,0.0
224,2015-12-11,0,14.468000411987305,0,9878.209744933582,0.0
225,2015-12-14,2,14.571999549865724,0,9878.209744933582,0.0
226,2015-12-15,2,14.739333152770996,0,9878.209744933582,0.0
227,2015-12-16,0,15.633999824523926,0,9878.209744933582,0.0
228,2015-12-17,2,15.559332847595217,0,9878.209744933582,0.0
229,2015-12-18,0,15.36400032043457,0,9878.209744933582,0.0
230,2015-12-21,2,15.503999710083008,0,9878.209744933582,0.0
231,2015-12-22,0,15.329999923706056,0,9878.209744933582,0.0
232,2015-12-23,0,15.313332557678224,0,9878.209744933582,0.0
233,2015-12-24,2,15.371333122253418,0,9878.209744933582,0.0
234,2015-12-28,0,15.263333320617676,0,9878.209744933582,0.0
235,2015-12-29,0,15.812666893005373,0,9878.209744933582,0.0
236,2015-12-30,0,15.87266731262207,0,9878.209744933582,0.0
237,2015-12-31,0,16.000667572021484,0,9878.209744933582,0.0
238,2016-01-04,0,14.894000053405762,0,9878.209744933582,0.0
239,2016-01-05,0,14.895333290100098,0,9878.209744933582,0.0
240,2016-01-06,2,14.602666854858398,0,9878.209744933582,0.0
241,2016-01-07,2,14.376667022705078,0,9878.209744933582,0.0
242,2016-01-08,2,14.06666660308838,0,9878.209744933582,0.0
243,2016-01-11,0,13.856666564941406,0,9878.209744933582,0.0
244,2016-01-12,2,13.998000144958496,0,9878.209744933582,0.0
245,2016-01-13,2,13.354000091552734,0,9878.209744933582,0.0
246,2016-01-14,2,13.745332717895508,0,9878.209744933582,0.0
247,2016-01-15,2,13.666000366210938,0,9878.209744933582,0.0
248,2016-01-19,0,13.64799976348877,0,9878.209744933582,0.0
249,2016-01-20,2,13.24666690826416,0,9878.209744933582,0.0
250,2016-01-21,2,13.33133316040039,0,9878.209744933582,0.0
251,2016-01-22,2,13.50333309173584,0,9878.209744933582,0.0
252,2016-01-25,2,13.092000007629396,0,9878.209744933582,0.0
253,2016-01-26,2,12.904000282287598,0,9878.209744933582,0.0
254,2016-01-27,1,12.538000106811523,1,9868.331535188649,-0.0009999999999998899
255,2016-01-28,2,12.646666526794434,0,9943.906168540043,0.007658298982143874
256,2016-01-29,0,12.74666690826416,0,9943.906168540043,0.0
257,2016-02-01,0,13.129332542419434,0,9943.906168540043,0.0
258,2016-02-02,0,12.185333251953123,0,9943.906168540043,0.0
259,2016-02-03,0,11.565333366394045,0,9943.906168540043,0.0
260,2016-02-04,2,11.68866729736328,0,9943.906168540043,0.0
261,2016-02-05,2,10.84000015258789,0,9943.906168540043,0.0
262,2016-02-08,0,9.866000175476074,0,9943.906168540043,0.0
263,2016-02-09,2,9.883333206176758,0,9943.906168540043,0.0
264,2016-02-10,1,9.57800006866455,1,9933.962262371502,-0.001000000000000112
265,2016-02-11,2,10.031332969665527,0,10393.73893976791,0.0462833122628199
266,2016-02-12,0,10.06933307647705,0,10393.73893976791,0.0
267,2016-02-16,0,10.344667434692385,0,10393.73893976791,0.0
268,2016-02-17,2,11.245332717895508,0,10393.73893976791,0.0
269,2016-02-18,0,11.118000030517578,0,10393.73893976791,0.0
270,2016-02-19,0,11.10533332824707,0,10393.73893976791,0.0
271,2016-02-22,0,11.849332809448242,0,10393.73893976791,0.0
272,2016-02-23,0,11.814000129699709,0,10393.73893976791,0.0
273,2016-02-24,0,11.93333339691162,0,10393.73893976791,0.0
274,2016-02-25,1,12.495332717895508,1,10383.345200828142,-0.001000000000000112
275,2016-02-26,1,12.689332962036133,1,10544.555114116174,0.015525816600528097
276,2016-02-29,0,12.795332908630373,1,10632.638725941975,0.008353468768718564
277,2016-03-01,0,12.423333168029783,1,10323.5151668916,-0.02907308025957489
278,2016-03-02,0,12.555999755859377,1,10433.758167950533,0.010678823954508365
279,2016-03-03,0,13.04933261871338,1,10843.706868763411,0.039290607872446204
280,2016-03-04,0,13.402667045593262,1,11137.319964825769,0.02707681972740761
281,2016-03-07,0,13.685999870300291,1,11372.763277307193,0.021140033080221166
282,2016-03-08,0,13.506667137145996,1,11223.741741331425,-0.013103370952345372
283,2016-03-09,0,13.914667129516602,1,11562.7807135912,0.030207303417474796
284,2016-03-10,0,13.678667068481444,1,11366.66988113333,-0.016960525094742773
285,2016-03-11,0,13.833333015441896,1,11495.193863196117,0.011307091998520535
286,2016-03-14,0,14.34333324432373,1,11918.992776641404,0.036867487272411736
287,2016-03-15,0,14.555999755859377,1,12095.713945399719,0.014826854254383681
288,2016-03-16,0,14.795332908630373,1,12294.594503391161,0.01644223390939903
289,2016-03-17,0,15.092000007629396,1,12541.11830297142,0.02005139734476491
290,2016-03-18,0,15.515999794006348,1,12893.452750274617,0.02809434045604342
291,2016-03-21,0,15.887999534606934,1,13202.576309324988,0.023975234953553137
292,2016-03-22,0,15.616000175476074,1,12976.550856139986,-0.01711979903690164
293,2016-03-23,0,14.838666915893556,1,12330.604105256698,-0.04977800018235601
294,2016-03-24,0,15.18333339691162,1,12617.014329967224,0.02322759065700808
295,2016-03-28,0,15.350666999816896,1,12756.06485402213,0.011020873910291273
296,2016-03-29,0,15.342000007629396,1,12748.86277515257,-0.0005646003647661324
297,2016-03-30,0,15.12600040435791,1,12569.371880860679,-0.0140789729607661
298,2016-03-31,0,15.317999839782717,1,12728.919166346299,0.012693337980441255
299,2016-04-01,1,15.839332580566406,1,13162.135146605735,0.03403399570678434
300,2016-04-04,0,16.465999603271484,1,13682.881586066527,0.039563979070301736
301,2016-04-05,0,17.031333923339844,1,14152.661905780486,0.03433343457363125
302,2016-04-06,0,17.69466781616211,1,14703.877703557398,0.0389478531633527
303,2016-04-07,0,17.14666748046875,1,14248.501541582562,-0.030969800698537164
304,2016-04-08,0,16.67133331298828,1,13853.50935865098,-0.02772166475041915
305,2016-04-11,0,16.661333084106445,1,13845.199389567988,-0.0005998457768249255
306,2016-04-12,0,16.521333694458008,1,13728.862992335198,-0.008402652353309281
307,2016-04-13,0,16.968666076660156,1,14100.586310855682,0.0270760454618868
308,2016-04-14,0,16.790666580200195,1,13952.672665093343,-0.010489893292484176
309,2016-04-15,0,16.96733283996582,1,14099.478420642254,0.010521694235412493
310,2016-04-18,0,16.92533302307129,1,14064.577501472417,-0.002475334060495493
311,2016-04-19,0,16.4913330078125,1,13703.933085086226,-0.02564203697895906
312,2016-04-20,0,16.6646671295166,1,13847.969907583833,0.010510619221744344
313,2016-04-21,0,16.55266761779785,1,13754.9007897976,-0.006720777009723511
314,2016-04-22,0,16.916667938232422,1,14057.377007567395,0.021990432529629622
315,2016-04-25,0,16.788000106811523,1,13950.456884666484,-0.007605979610801672
316,2016-04-26,0,16.916000366210938,1,14056.82226997841,0.007624509088934195
317,2016-04-27,0,16.764667510986328,1,13931.0680134492,-0.008946136908751234
318,2016-04-28,0,16.513999938964844,1,13722.768803679066,-0.014952135009967615
319,2016-04-29,0,16.05066680908203,1,13337.749217632889,-0.028056989923414988
320,2016-05-02,0,16.1200008392334,1,13395.36426362484,0.004319697802968259
321,2016-05-03,2,15.48799991607666,0,12857.31528535723,-0.04016680455108523
322,2016-05-04,2,14.837332725524902,0,12857.31528535723,0.0
323,2016-05-05,1,14.10200023651123,1,12844.457970071873,-0.0010000000000000009
324,2016-05-06,2,14.32866668701172,0,13037.860586290037,0.01505728125459238
325,2016-05-09,2,13.928000450134276,0,13037.860586290037,0.0
326,2016-05-10,2,13.912667274475098,0,13037.860586290037,0.0
327,2016-05-11,0,13.93066692352295,0,13037.860586290037,0.0
328,2016-05-12,2,13.8186674118042,0,13037.860586290037,0.0
329,2016-05-13,1,13.84066677093506,1,13024.822725703747,-0.0010000000000000009
330,2016-05-16,1,13.88599967956543,1,13067.48346657145,0.00327534138207608
331,2016-05-17,1,13.644000053405762,1,12839.74861227705,-0.0174275984260458
332,2016-05-18,1,14.07800006866455,1,13248.166310300752,0.03180885470243422
333,2016-05-19,2,14.347332954406738,0,13488.121630202731,0.01811234206166401
334,2016-05-20,0,14.685333251953123,0,13488.121630202731,0.0
335,2016-05-23,0,14.414667129516602,0,13488.121630202731,0.0
336,2016-05-24,2,14.52733325958252,0,13488.121630202731,0.0
337,2016-05-25,2,14.638667106628418,0,13488.121630202731,0.0
338,2016-05-26,0,15.008000373840332,0,13488.121630202731,0.0
339,2016-05-27,0,14.869333267211914,0,13488.121630202731,0.0
340,2016-05-31,0,14.881999969482422,0,13488.121630202731,0.0
341,2016-06-01,0,14.637332916259766,0,13488.121630202731,0.0
342,2016-06-02,0,14.597332954406738,0,13488.121630202731,0.0
343,2016-06-03,0,14.599332809448242,0,13488.121630202731,0.0
344,2016-06-06,0,14.711999893188477,0,13488.121630202731,0.0
345,2016-06-07,0,15.489333152770996,0,13488.121630202731,0.0
346,2016-06-08,0,15.701333045959473,0,13488.121630202731,0.0
347,2016-06-09,0,15.290666580200195,0,13488.121630202731,0.0
348,2016-06-10,0,14.586000442504885,0,13488.121630202731,0.0
349,2016-06-13,0,14.524666786193848,0,13488.121630202731,0.0
350,2016-06-14,0,14.330666542053224,0,13488.121630202731,0.0
351,2016-06-15,0,14.513333320617676,0,13488.121630202731,0.0
352,2016-06-16,0,14.528667449951172,0,13488.121630202731,0.0
353,2016-06-17,0,14.364666938781738,0,13488.121630202731,0.0
354,2016-06-20,0,14.646666526794434,0,13488.121630202731,0.0
355,2016-06-21,0,14.640666961669922,0,13488.121630202731,0.0
356,2016-06-22,0,13.11066722869873,0,13488.121630202731,0.0
357,2016-06-23,2,13.09333324432373,0,13488.121630202731,0.0
358,2016-06-24,1,12.876667022705078,1,13474.633508572531,-0.0009999999999997788
359,2016-06-27,0,13.236666679382324,1,13851.350824348767,0.027957518513328727
360,2016-06-28,0,13.452667236328123,1,14077.38201218333,0.016318349791359932
361,2016-06-29,2,14.012666702270508,0,14648.72333888742,0.04058576560681648
362,2016-06-30,0,14.152000427246094,0,14648.72333888742,0.0
363,2016-07-01,0,14.43333339691162,0,14648.72333888742,0.0
364,2016-07-05,0,14.26533317565918,0,14648.72333888742,0.0
365,2016-07-06,2,14.29599952697754,0,14648.72333888742,0.0
366,2016-07-07,2,14.395999908447266,0,14648.72333888742,0.0
367,2016-07-08,0,14.45199966430664,0,14648.72333888742,0.0
368,2016-07-11,0,14.985333442687988,0,14648.72333888742,0.0
369,2016-07-12,2,14.976667404174805,0,14648.72333888742,0.0
370,2016-07-13,0,14.835332870483398,0,14648.72333888742,0.0
371,2016-07-14,0,14.768667221069336,0,14648.72333888742,0.0
372,2016-07-15,0,14.69333267211914,0,14648.72333888742,0.0
373,2016-07-18,0,15.083333015441896,0,14648.72333888742,0.0
374,2016-07-19,0,15.017333030700684,0,14648.72333888742,0.0
375,2016-07-20,0,15.223999977111816,0,14648.72333888742,0.0
376,2016-07-21,2,14.699999809265137,0,14648.72333888742,0.0
377,2016-07-22,0,14.817999839782717,0,14648.72333888742,0.0
378,2016-07-25,0,15.333999633789062,0,14648.72333888742,0.0
379,2016-07-26,2,15.300666809082031,0,14648.72333888742,0.0
380,2016-07-27,2,15.232666969299316,0,14648.72333888742,0.0
381,2016-07-28,0,15.37399959564209,0,14648.72333888742,0.0
382,2016-07-29,2,15.652667045593262,0,14648.72333888742,0.0
383,2016-08-01,2,15.333999633789062,0,14648.72333888742,0.0
384,2016-08-02,2,15.146666526794434,0,14648.72333888742,0.0
385,2016-08-03,2,15.052666664123535,0,14648.72333888742,0.0
386,2016-08-04,0,15.37399959564209,0,14648.72333888742,0.0
387,2016-08-05,2,15.335332870483398,0,14648.72333888742,0.0
388,2016-08-08,0,15.077333450317385,0,14648.72333888742,0.0
389,2016-08-09,0,15.272000312805176,0,14648.72333888742,0.0
390,2016-08-10,0,15.043333053588867,0,14648.72333888742,0.0
391,2016-08-11,0,14.994000434875488,0,14648.72333888742,0.0
392,2016-08-12,0,15.040666580200195,0,14648.72333888742,0.0
393,2016-08-15,0,15.03933334350586,0,14648.72333888742,0.0
394,2016-08-16,2,14.907333374023438,0,14648.72333888742,0.0
395,2016-08-17,2,14.88266658782959,0,14648.72333888742,0.0
396,2016-08-18,2,14.900667190551758,0,14648.72333888742,0.0
397,2016-08-19,2,15.0,0,14648.72333888742,0.0
398,2016-08-22,2,14.862000465393066,0,14648.72333888742,0.0
399,2016-08-23,0,14.989333152770996,0,14648.72333888742,0.0
400,2016-08-24,2,14.841333389282228,0,14648.72333888742,0.0
401,2016-08-25,2,14.730667114257812,0,14648.72333888742,0.0
402,2016-08-26,0,14.666000366210938,0,14648.72333888742,0.0
403,2016-08-29,2,14.346667289733888,0,14648.72333888742,0.0
404,2016-08-30,0,14.089332580566406,0,14648.72333888742,0.0
405,2016-08-31,2,14.133999824523926,0,14648.72333888742,0.0
406,2016-09-01,1,13.38466739654541,1,14634.074615548532,-0.0010000000000000009
407,2016-09-02,0,13.185333251953123,1,14416.133395272638,-0.014892723045455414
408,2016-09-06,2,13.522000312805176,0,14769.442804275797,0.024507917575111948
409,2016-09-07,2,13.447333335876465,0,14769.442804275797,0.0
410,2016-09-08,2,13.157333374023438,0,14769.442804275797,0.0
411,2016-09-09,1,12.964667320251465,1,14754.673361471521,-0.0010000000000000009
412,2016-09-12,2,13.220000267028809,0,15030.214364884932,0.018674829097397927
413,2016-09-13,1,13.06999969482422,1,15015.18415052005,-0.0009999999999997788
414,2016-09-14,0,13.093999862670898,1,15042.756220013209,0.0018362791436163928
415,2016-09-15,1,13.361332893371582,1,15349.875942982826,0.020416452841336197
416,2016-09-16,0,13.69333267211914,1,15731.286649350372,0.02484780383791363
417,2016-09-19,0,13.755999565124512,1,15803.28014289186,0.00457645297210707
418,2016-09-20,0,13.642666816711426,1,15673.080286163406,-0.008238786856348712
419,2016-09-21,0,13.6813325881958,1,15717.50061460379,0.0028341798567572685
420,2016-09-22,0,13.76200008392334,1,15810.173708069122,0.005896172409195044
421,2016-09-23,0,13.829999923706056,1,15888.293841227784,0.004941130603694166
422,2016-09-26,0,13.932666778564451,1,16006.240418721889,0.00742348918472624
423,2016-09-27,0,13.720666885375977,1,15762.688964212208,-0.015216031256459761
424,2016-09-28,0,13.751333236694336,1,15797.919333226833,0.002235048163077513
425,2016-09-29,0,13.380000114440918,1,15371.321372858814,-0.02700342693045532
426,2016-09-30,0,13.60200023651123,1,15626.361372258638,0.016591937232549814
427,2016-10-03,0,14.24666690826416,1,16366.972620773537,0.047394990482538146
428,2016-10-04,0,14.093999862670898,1,16191.584414436666,-0.010715983364832038
429,2016-10-05,0,13.897333145141602,1,15965.648144434295,-0.013953932130380098
430,2016-10-06,0,13.399999618530272,1,15394.297367031151,-0.03578625635704746
431,2016-10-07,0,13.107333183288574,1,15058.073914664083,-0.02184077937114126
432,2016-10-10,0,13.396666526794434,1,15390.46821727042,0.02207415798926582
433,2016-10-11,0,13.34000015258789,1,15325.368288906193,-0.004229886150648454
434,2016-10-12,0,13.434000015258787,1,15433.357981414452,0.007046466386483541
435,2016-10-13,0,13.349332809448242,1,15336.089908236245,-0.006302456879140772
436,2016-10-14,0,13.100666999816896,1,15050.41561514262,-0.018627583354229316
437,2016-10-17,2,12.93066692352295,0,14840.25961970755,-0.013963467907399552
438,2016-10-18,0,13.273332595825195,0,14840.25961970755,0.0
439,2016-10-19,2,13.570667266845703,0,14840.25961970755,0.0
440,2016-10-20,2,13.273332595825195,0,14840.25961970755,0.0
441,2016-10-21,2,13.339332580566406,0,14840.25961970755,0.0
442,2016-10-24,2,13.517333030700684,0,14840.25961970755,0.0
443,2016-10-25,2,13.489333152770996,0,14840.25961970755,0.0
444,2016-10-26,0,13.482666969299316,0,14840.25961970755,0.0
445,2016-10-27,0,13.600666999816896,0,14840.25961970755,0.0
446,2016-10-28,2,13.33133316040039,0,14840.25961970755,0.0
447,2016-10-31,2,13.182000160217283,0,14840.25961970755,0.0
448,2016-11-01,2,12.719332695007324,0,14840.25961970755,0.0
449,2016-11-02,2,12.534667015075684,0,14840.25961970755,0.0
450,2016-11-03,2,12.494667053222656,0,14840.25961970755,0.0
451,2016-11-04,0,12.70400047302246,0,14840.25961970755,0.0
452,2016-11-07,0,12.880666732788086,0,14840.25961970755,0.0
453,2016-11-08,0,12.996000289916992,0,14840.25961970755,0.0
454,2016-11-09,0,12.670666694641112,0,14840.25961970755,0.0
455,2016-11-10,2,12.356666564941406,0,14840.25961970755,0.0
456,2016-11-11,2,12.570667266845703,0,14840.25961970755,0.0
457,2016-11-14,0,12.096667289733888,0,14840.25961970755,0.0
458,2016-11-15,2,12.251333236694336,0,14840.25961970755,0.0
459,2016-11-16,2,12.26200008392334,0,14840.25961970755,0.0
460,2016-11-17,2,12.577333450317385,0,14840.25961970755,0.0
461,2016-11-18,2,12.334667205810549,0,14840.25961970755,0.0
462,2016-11-21,2,12.3013334274292,0,14840.25961970755,0.0
463,2016-11-22,0,12.744667053222656,0,14840.25961970755,0.0
464,2016-11-23,2,12.87600040435791,0,14840.25961970755,0.0
465,2016-11-25,2,13.109999656677246,0,14840.25961970755,0.0
466,2016-11-28,0,13.074666976928713,0,14840.25961970755,0.0
467,2016-11-29,2,12.637999534606934,0,14840.25961970755,0.0
468,2016-11-30,2,12.626667022705078,0,14840.25961970755,0.0
469,2016-12-01,0,12.125332832336426,0,14840.25961970755,0.0
470,2016-12-02,0,12.097999572753906,0,14840.25961970755,0.0
471,2016-12-05,0,12.453332901000977,0,14840.25961970755,0.0
472,2016-12-06,0,12.390000343322754,0,14840.25961970755,0.0
473,2016-12-07,0,12.876667022705078,0,14840.25961970755,0.0
474,2016-12-08,0,12.81933307647705,0,14840.25961970755,0.0
475,2016-12-09,0,12.812000274658203,0,14840.25961970755,0.0
476,2016-12-12,2,12.82866668701172,0,14840.25961970755,0.0
477,2016-12-13,0,13.210000038146973,0,14840.25961970755,0.0
478,2016-12-14,0,13.246000289916992,0,14840.25961970755,0.0
479,2016-12-15,2,13.17199993133545,0,14840.25961970755,0.0
480,2016-12-16,2,13.499333381652832,0,14840.25961970755,0.0
481,2016-12-19,0,13.51533317565918,0,14840.25961970755,0.0
482,2016-12-20,0,13.919333457946776,0,14840.25961970755,0.0
483,2016-12-21,0,13.846667289733888,0,14840.25961970755,0.0
484,2016-12-22,0,13.896666526794434,0,14840.25961970755,0.0
485,2016-12-23,0,14.22266674041748,0,14840.25961970755,0.0
486,2016-12-27,0,14.635333061218262,0,14840.25961970755,0.0
487,2016-12-28,0,14.649333000183104,0,14840.25961970755,0.0
488,2016-12-29,0,14.312000274658203,0,14840.25961970755,0.0
489,2016-12-30,0,14.246000289916992,0,14840.25961970755,0.0
490,2017-01-03,0,14.465999603271484,0,14840.25961970755,0.0
491,2017-01-04,0,15.13266658782959,0,14840.25961970755,0.0
492,2017-01-05,0,15.116666793823242,0,14840.25961970755,0.0
493,2017-01-06,0,15.267333030700684,0,14840.25961970755,0.0
494,2017-01-09,0,15.41866683959961,0,14840.25961970755,0.0
495,2017-01-10,0,15.324666976928713,0,14840.25961970755,0.0
496,2017-01-11,0,15.315333366394045,0,14840.25961970755,0.0
497,2017-01-12,0,15.305999755859377,0,14840.25961970755,0.0
498,2017-01-13,0,15.850000381469728,0,14840.25961970755,0.0
499,2017-01-17,0,15.70533275604248,0,14840.25961970755,0.0
500,2017-01-18,0,15.890666961669922,0,14840.25961970755,0.0
501,2017-01-19,0,16.250667572021484,0,14840.25961970755,0.0
502,2017-01-20,0,16.315332412719727,0,14840.25961970755,0.0
503,2017-01-23,0,16.594667434692383,0,14840.25961970755,0.0
504,2017-01-24,1,16.974000930786133,1,14825.419360087843,-0.0010000000000000009
505,2017-01-25,0,16.96466636657715,1,14817.266371908678,-0.0005499330562691584
506,2017-01-26,0,16.833999633789062,1,14703.139530635657,-0.007702287210641479
507,2017-01-27,0,16.863332748413086,1,14728.75963795225,0.0017424922931057463
508,2017-01-30,0,16.708667755126953,1,14593.67225371432,-0.009171674163915622
509,2017-01-31,1,16.795333862304688,1,14669.368101054934,0.005186895116227275
510,2017-02-01,0,16.615999221801758,1,14512.733771759926,-0.010677646659077555
511,2017-02-02,0,16.770000457763672,1,14647.241417565827,0.009268250070681772
512,2017-02-03,0,16.755332946777344,1,14634.430530950014,-0.0008746279419173941
513,2017-02-06,0,17.184667587280273,1,15009.419675655668,0.02562376061798921
514,2017-02-07,0,17.165332794189453,1,14992.532294950272,-0.0011251188300629433
515,2017-02-08,0,17.472000122070312,1,15260.381446037878,0.01786550436031553
516,2017-02-09,0,17.946666717529297,1,15674.964393370066,0.027167272901938322
517,2017-02-10,0,17.948667526245117,1,15676.711938241326,0.00011148636943625334
518,2017-02-13,0,18.706666946411133,1,16338.763232128238,0.04223151490536248
519,2017-02-14,0,18.73200035095215,1,16360.889915617345,0.0013542446986194445
520,2017-02-15,0,18.65066719055176,1,16289.85196671338,-0.004341936732680685
521,2017-02-16,0,17.93000030517578,1,15660.407627798028,-0.0386402737238839
522,2017-02-17,0,18.148666381835938,1,15851.394791020823,0.012195542272078752
523,2017-02-21,0,18.492666244506836,1,16151.85089707999,0.01895455321252637
524,2017-02-22,0,18.233999252319336,1,15925.926163752276,-0.013987544509128536
525,2017-02-23,0,17.06599998474121,1,14905.773105865104,-0.06405612128285887
526,2017-02-24,0,17.133333206176758,1,14964.583238415356,0.003945460066550499
527,2017-02-27,0,16.415332794189453,1,14337.46784871833,-0.04190663914295778
528,2017-02-28,0,16.666000366210938,1,14556.405734391075,0.015270331412970961
529,2017-03-01,0,16.667999267578125,1,14558.151613347301,0.00011993887695105343
530,2017-03-02,2,16.698667526245117,0,14570.352923326902,0.0008381084565991515
531,2017-03-03,2,16.771333694458008,0,14570.352923326902,0.0
532,2017-03-06,2,16.747333526611328,0,14570.352923326902,0.0
533,2017-03-07,2,16.57266616821289,0,14570.352923326902,0.0
534,2017-03-08,2,16.45800018310547,0,14570.352923326902,0.0
535,2017-03-09,2,16.32666778564453,0,14570.352923326902,0.0
536,2017-03-10,2,16.246000289916992,0,14570.352923326902,0.0
537,2017-03-13,2,16.411333084106445,0,14570.352923326902,0.0
538,2017-03-14,2,17.200000762939453,0,14570.352923326902,0.0
539,2017-03-15,0,17.048667907714844,0,14570.352923326902,0.0
540,2017-03-16,0,17.469999313354492,0,14570.352923326902,0.0
541,2017-03-17,0,17.433332443237305,0,14570.352923326902,0.0
542,2017-03-20,0,17.461332321166992,0,14570.352923326902,0.0
543,2017-03-21,0,16.711999893188477,0,14570.352923326902,0.0
544,2017-03-22,2,17.000667572021484,0,14570.352923326902,0.0
545,2017-03-23,2,16.985332489013672,0,14570.352923326902,0.0
546,2017-03-24,0,17.54400062561035,0,14570.352923326902,0.0
547,2017-03-27,0,18.014667510986328,0,14570.352923326902,0.0
548,2017-03-28,0,18.496667861938477,0,14570.352923326902,0.0
549,2017-03-29,0,18.492000579833984,0,14570.352923326902,0.0
550,2017-03-30,0,18.527999877929688,0,14570.352923326902,0.0
551,2017-03-31,0,18.553333282470703,0,14570.352923326902,0.0
552,2017-04-03,0,19.90133285522461,0,14570.352923326902,0.0
553,2017-04-04,0,20.246667861938477,0,14570.352923326902,0.0
554,2017-04-05,0,19.666667938232425,0,14570.352923326902,0.0
555,2017-04-06,0,19.913333892822266,0,14570.352923326902,0.0
556,2017-04-07,0,20.16933250427246,0,14570.352923326902,0.0
557,2017-04-10,0,20.826000213623047,0,14570.352923326902,0.0
558,2017-04-11,0,20.58066749572754,0,14570.352923326902,0.0
559,2017-04-12,2,19.78933334350586,0,14570.352923326902,0.0
560,2017-04-13,0,20.266666412353516,0,14570.352923326902,0.0
561,2017-04-17,2,20.09600067138672,0,14570.352923326902,0.0
562,2017-04-18,2,20.016666412353516,0,14570.352923326902,0.0
563,2017-04-19,0,20.368000030517575,0,14570.352923326902,0.0
564,2017-04-20,0,20.167333602905273,0,14570.352923326902,0.0
565,2017-04-21,2,20.37333297729492,0,14570.352923326902,0.0
566,2017-04-24,2,20.53533363342285,0,14570.352923326902,0.0
567,2017-04-25,0,20.91933250427246,0,14570.352923326902,0.0
568,2017-04-26,2,20.67799949645996,0,14570.352923326902,0.0
569,2017-04-27,2,20.57533264160156,0,14570.352923326902,0.0
570,2017-04-28,0,20.937999725341797,0,14570.352923326902,0.0
571,2017-05-01,0,21.52199935913086,0,14570.352923326902,0.0
572,2017-05-02,0,21.25933265686035,0,14570.352923326902,0.0
573,2017-05-03,2,20.73466682434082,0,14570.352923326902,0.0
574,2017-05-04,0,19.69733238220215,0,14570.352923326902,0.0
575,2017-05-05,2,20.55666732788086,0,14570.352923326902,0.0
576,2017-05-08,0,20.479333877563477,0,14570.352923326902,0.0
577,2017-05-09,0,21.417333602905273,0,14570.352923326902,0.0
578,2017-05-10,0,21.681333541870117,0,14570.352923326902,0.0
579,2017-05-11,0,21.540000915527344,0,14570.352923326902,0.0
580,2017-05-12,2,21.65399932861328,0,14570.352923326902,0.0
581,2017-05-15,0,21.058666229248047,0,14570.352923326902,0.0
582,2017-05-16,2,21.13400077819824,0,14570.352923326902,0.0
583,2017-05-17,2,20.40733337402344,0,14570.352923326902,0.0
584,2017-05-18,2,20.87066650390625,0,14570.352923326902,0.0
585,2017-05-19,0,20.722000122070312,0,14570.352923326902,0.0
586,2017-05-22,2,20.690000534057617,0,14570.352923326902,0.0
587,2017-05-23,2,20.257333755493164,0,14570.352923326902,0.0
588,2017-05-24,0,20.681333541870117,0,14570.352923326902,0.0
589,2017-05-25,0,21.121999740600582,0,14570.352923326902,0.0
590,2017-05-26,2,21.676000595092773,0,14570.352923326902,0.0
591,2017-05-30,2,22.34000015258789,0,14570.352923326902,0.0
592,2017-05-31,0,22.733999252319336,0,14570.352923326902,0.0
593,2017-06-01,2,22.691333770751953,0,14570.352923326902,0.0
594,2017-06-02,2,22.656667709350582,0,14570.352923326902,0.0
595,2017-06-05,0,23.15466690063477,0,14570.352923326902,0.0
596,2017-06-06,0,23.523332595825195,0,14570.352923326902,0.0
597,2017-06-07,0,23.976667404174805,0,14570.352923326902,0.0
598,2017-06-08,0,24.666667938232425,0,14570.352923326902,0.0
599,2017-06-09,0,23.821332931518555,0,14570.352923326902,0.0
600,2017-06-12,0,23.93400001525879,0,14570.352923326902,0.0
601,2017-06-13,0,25.06333351135254,0,14570.352923326902,0.0
602,2017-06-14,0,25.37733268737793,0,14570.352923326902,0.0
603,2017-06-15,0,25.022666931152344,0,14570.352923326902,0.0
604,2017-06-16,0,24.760000228881836,0,14570.352923326902,0.0
605,2017-06-19,0,24.65333366394043,0,14570.352923326902,0.0
606,2017-06-20,0,24.81599998474121,0,14570.352923326902,0.0
607,2017-06-21,0,25.093332290649418,0,14570.352923326902,0.0
608,2017-06-22,0,25.507333755493164,0,14570.352923326902,0.0
609,2017-06-23,0,25.56333351135254,0,14570.352923326902,0.0
610,2017-06-26,2,25.166000366210938,0,14570.352923326902,0.0
611,2017-06-27,2,24.15800094604492,0,14570.352923326902,0.0
612,2017-06-28,0,24.749332427978516,0,14570.352923326902,0.0
613,2017-06-29,0,24.049999237060547,0,14570.352923326902,0.0
614,2017-06-30,0,24.107332229614254,0,14570.352923326902,0.0
615,2017-07-03,0,23.507999420166016,0,14570.352923326902,0.0
616,2017-07-05,0,21.805999755859375,0,14570.352923326902,0.0
617,2017-07-06,0,20.588666915893555,0,14570.352923326902,0.0
618,2017-07-07,0,20.881332397460938,0,14570.352923326902,0.0
619,2017-07-10,2,21.06999969482422,0,14570.352923326902,0.0
620,2017-07-11,2,21.814666748046875,0,14570.352923326902,0.0
621,2017-07-12,0,21.968000411987305,0,14570.352923326902,0.0
622,2017-07-13,0,21.560667037963867,0,14570.352923326902,0.0
623,2017-07-14,0,21.85199928283691,0,14570.352923326902,0.0
624,2017-07-17,0,21.30466651916504,0,14570.352923326902,0.0
625,2017-07-18,0,21.882667541503903,0,14570.352923326902,0.0
626,2017-07-19,2,21.68400001525879,0,14570.352923326902,0.0
627,2017-07-20,0,21.994667053222656,0,14570.352923326902,0.0
628,2017-07-21,2,21.893333435058594,0,14570.352923326902,0.0
629,2017-07-24,0,22.834667205810547,0,14570.352923326902,0.0
630,2017-07-25,2,22.63999938964844,0,14570.352923326902,0.0
631,2017-07-26,1,22.92333221435547,1,14555.782570403573,-0.001000000000000112
632,2017-07-27,0,22.297332763671875,1,14158.287485128134,-0.027308396738741525
633,2017-07-28,0,22.33799934387207,1,14184.109817315302,0.001823831604937487
634,2017-07-31,0,21.564666748046875,1,13693.061613058677,-0.03461959971976358
635,2017-08-01,2,21.30466651916504,0,13514.439549950292,-0.013044713312181266
636,2017-08-02,2,21.72599983215332,0,13514.439549950292,0.0
637,2017-08-03,1,23.139333724975582,1,13500.925110400342,-0.0010000000000000009
638,2017-08-04,0,23.79400062561035,1,13882.89845945092,0.02829238336833151
639,2017-08-07,0,23.67799949645996,1,13815.216192709986,-0.004875225943531958
640,2017-08-08,0,24.347999572753903,1,14206.13586920195,0.02829631263376431
641,2017-08-09,0,24.235332489013672,1,14140.398891721814,-0.0046273651107793246
642,2017-08-10,0,23.69333267211914,1,13824.162520151374,-0.02236403470594972
643,2017-08-11,0,23.857999801635746,1,13920.23955547883,0.006949935317051237
644,2017-08-14,0,24.253332138061523,1,14150.901005425556,0.016570221297372623
645,2017-08-15,0,24.155332565307617,1,14093.721965254073,-0.004040664276399042
646,2017-08-16,0,24.194000244140625,1,14116.283091789623,0.0016007926501722114
647,2017-08-17,0,23.461332321166992,1,13688.799099535216,-0.030283041893870877
648,2017-08-18,0,23.163999557495117,1,13515.316689759971,-0.012673311114715258
649,2017-08-21,0,22.52400016784668,1,13141.90127801805,-0.027629053784943403
650,2017-08-22,0,22.75666618347168,1,13277.653088766943,0.010329693388882788
651,2017-08-23,0,23.51799964904785,1,13721.862339774507,0.03345540420719151
652,2017-08-24,0,23.528667449951172,1,13728.086597689631,0.00045360154190454693
653,2017-08-25,0,23.203332901000977,1,13538.266206428252,-0.013827155730014473
654,2017-08-28,0,23.04400062561035,1,13445.301856491216,-0.00686678401203944
655,2017-08-29,0,23.15733337402344,1,13511.427224104089,0.004918102123601553
656,2017-08-30,0,23.545333862304688,1,13737.810818262196,0.016754972691134018
657,2017-08-31,0,23.726667404174805,1,13843.612074162216,0.0077014640323460615
658,2017-09-01,0,23.69333267211914,1,13824.162520151374,-0.001404947921586297
659,2017-09-05,2,23.305999755859375,0,13584.570260562718,-0.017331412245725875
660,2017-09-06,0,22.968666076660156,0,13584.570260562718,0.0
661,2017-09-07,0,23.374000549316406,0,13584.570260562718,0.0
662,2017-09-08,0,22.893333435058594,0,13584.570260562718,0.0
663,2017-09-11,0,24.246000289916992,0,13584.570260562718,0.0
664,2017-09-12,0,24.183332443237305,0,13584.570260562718,0.0
665,2017-09-13,0,24.415332794189453,0,13584.570260562718,0.0
666,2017-09-14,0,25.176000595092773,0,13584.570260562718,0.0
667,2017-09-15,0,25.320667266845703,0,13584.570260562718,0.0
668,2017-09-18,0,25.666667938232425,0,13584.570260562718,0.0
669,2017-09-19,2,25.00666618347168,0,13584.570260562718,0.0
670,2017-09-20,2,24.92733383178711,0,13584.570260562718,0.0
671,2017-09-21,2,24.43199920654297,0,13584.570260562718,0.0
672,2017-09-22,2,23.4060001373291,0,13584.570260562718,0.0
673,2017-09-25,2,22.999332427978516,0,13584.570260562718,0.0
674,2017-09-26,0,23.016666412353516,0,13584.570260562718,0.0
675,2017-09-27,0,22.731332778930664,0,13584.570260562718,0.0
676,2017-09-28,2,22.63999938964844,0,13584.570260562718,0.0
677,2017-09-29,2,22.739999771118164,0,13584.570260562718,0.0
678,2017-10-02,2,22.768667221069336,0,13584.570260562718,0.0
679,2017-10-03,2,23.209333419799805,0,13584.570260562718,0.0
680,2017-10-04,2,23.667333602905273,0,13584.570260562718,0.0
681,2017-10-05,2,23.68866729736328,0,13584.570260562718,0.0
682,2017-10-06,2,23.79199981689453,0,13584.570260562718,0.0
683,2017-10-09,0,22.86266708374023,0,13584.570260562718,0.0
684,2017-10-10,1,23.70599937438965,1,13570.985690302155,-0.0010000000000000009
685,2017-10-11,2,23.63999938964844,0,13519.669442347093,-0.003781320614886008
686,2017-10-12,2,23.711999893188477,0,13519.669442347093,0.0
687,2017-10-13,0,23.704666137695312,0,13519.669442347093,0.0
688,2017-10-16,0,23.37333297729492,0,13519.669442347093,0.0
689,2017-10-17,0,23.71666717529297,0,13519.669442347093,0.0
690,2017-10-18,0,23.976667404174805,0,13519.669442347093,0.0
691,2017-10-19,2,23.45400047302246,0,13519.669442347093,0.0
692,2017-10-20,2,23.00666618347168,0,13519.669442347093,0.0
693,2017-10-23,0,22.468000411987305,0,13519.669442347093,0.0
694,2017-10-24,2,22.48933219909668,0,13519.669442347093,0.0
695,2017-10-25,0,21.722667694091797,0,13519.669442347093,0.0
696,2017-10-26,2,21.744667053222656,0,13519.669442347093,0.0
697,2017-10-27,2,21.391332626342773,0,13519.669442347093,0.0
698,2017-10-30,2,21.338666915893555,0,13519.669442347093,0.0
699,2017-10-31,2,22.10199928283691,0,13519.669442347093,0.0
700,2017-11-01,0,21.405332565307617,0,13519.669442347093,0.0
701,2017-11-02,0,19.950666427612305,0,13519.669442347093,0.0
702,2017-11-03,2,20.4060001373291,0,13519.669442347093,0.0
703,2017-11-06,2,20.185333251953125,0,13519.669442347093,0.0
704,2017-11-07,0,20.40333366394043,0,13519.669442347093,0.0
705,2017-11-08,0,20.292667388916016,0,13519.669442347093,0.0
706,2017-11-09,0,20.19933319091797,0,13519.669442347093,0.0
707,2017-11-10,2,20.19933319091797,0,13519.669442347093,0.0
708,2017-11-13,2,21.02666664123535,0,13519.669442347093,0.0
709,2017-11-14,2,20.579999923706055,0,13519.669442347093,0.0
710,2017-11-15,2,20.753332138061523,0,13519.669442347093,0.0
711,2017-11-16,2,20.833332061767575,0,13519.669442347093,0.0
712,2017-11-17,0,21.003332138061523,0,13519.669442347093,0.0
713,2017-11-20,2,20.582666397094727,0,13519.669442347093,0.0
714,2017-11-21,0,21.187332153320312,0,13519.669442347093,0.0
715,2017-11-22,0,20.84000015258789,0,13519.669442347093,0.0
716,2017-11-24,2,21.036666870117188,0,13519.669442347093,0.0
717,2017-11-27,0,21.12066650390625,0,13519.669442347093,0.0
718,2017-11-28,2,21.170000076293945,0,13519.669442347093,0.0
719,2017-11-29,2,20.502666473388672,0,13519.669442347093,0.0
720,2017-11-30,0,20.59000015258789,0,13519.669442347093,0.0
721,2017-12-01,2,20.435333251953125,0,13519.669442347093,0.0
722,2017-12-04,2,20.34666633605957,0,13519.669442347093,0.0
723,2017-12-05,2,20.246667861938477,0,13519.669442347093,0.0
724,2017-12-06,2,20.88400077819824,0,13519.669442347093,0.0
725,2017-12-07,0,20.749332427978516,0,13519.669442347093,0.0
726,2017-12-08,0,21.0086669921875,0,13519.669442347093,0.0
727,2017-12-11,0,21.92733383178711,0,13519.669442347093,0.0
728,2017-12-12,0,22.735332489013672,0,13519.669442347093,0.0
729,2017-12-13,0,22.60199928283691,0,13519.669442347093,0.0
730,2017-12-14,0,22.525999069213867,0,13519.669442347093,0.0
731,2017-12-15,0,22.89666748046875,0,13519.669442347093,0.0
732,2017-12-18,2,22.591333389282227,0,13519.669442347093,0.0
733,2017-12-19,2,22.073333740234375,0,13519.669442347093,0.0
734,2017-12-20,0,21.93199920654297,0,13519.669442347093,0.0
735,2017-12-21,0,22.110666275024418,0,13519.669442347093,0.0
736,2017-12-22,0,21.68000030517578,0,13519.669442347093,0.0
737,2017-12-26,2,21.152666091918945,0,13519.669442347093,0.0
738,2017-12-27,0,20.775999069213867,0,13519.669442347093,0.0
739,2017-12-28,0,21.02400016784668,0,13519.669442347093,0.0
740,2017-12-29,0,20.75666618347168,0,13519.669442347093,0.0
741,2018-01-02,0,21.368667602539062,0,13519.669442347093,0.0
742,2018-01-03,0,21.149999618530273,0,13519.669442347093,0.0
743,2018-01-04,0,20.974666595458984,0,13519.669442347093,0.0
744,2018-01-05,0,21.10533332824707,0,13519.669442347093,0.0
745,2018-01-08,0,22.42733383178711,0,13519.669442347093,0.0
746,2018-01-09,0,22.246000289916992,0,13519.669442347093,0.0
747,2018-01-10,0,22.31999969482422,0,13519.669442347093,0.0
748,2018-01-11,0,22.530000686645508,0,13519.669442347093,0.0
749,2018-01-12,0,22.4146671295166,0,13519.669442347093,0.0
750,2018-01-16,0,22.67066764831543,0,13519.669442347093,0.0
751,2018-01-17,0,23.143999099731445,0,13519.669442347093,0.0
752,2018-01-18,0,22.971332550048828,0,13519.669442347093,0.0
753,2018-01-19,0,23.334667205810547,0,13519.669442347093,0.0
754,2018-01-22,0,23.437332153320312,0,13519.669442347093,0.0
755,2018-01-23,1,23.519332885742188,1,13506.149772904746,-0.0010000000000000009
756,2018-01-24,0,23.05933380126953,1,13241.991917727948,-0.019558338950656062
757,2018-01-25,0,22.50933265686035,1,12926.149718132117,-0.02385156263182664
758,2018-01-26,0,22.856666564941406,1,13125.608767695334,0.015430662178036458
759,2018-01-29,0,23.302000045776367,1,13381.344792193386,0.019483745784612205
760,2018-01-30,0,23.05466651916504,1,13239.31169667568,-0.010614261699658623
761,2018-01-31,0,23.62066650390625,1,13564.341347921052,0.024550343604870628
762,2018-02-01,0,23.28333282470703,1,13370.625003293284,-0.014281293846785892
763,2018-02-02,0,22.916667938232425,1,13160.064997308025,-0.015747955382294898
764,2018-02-05,0,22.208667755126953,1,12753.49068847364,-0.0308945517303717
765,2018-02-06,0,22.264667510986328,1,12785.648959864973,0.002521527021648984
766,2018-02-07,0,23.0,1,13207.919046255141,0.03302687941110394
767,2018-02-08,1,21.01533317565918,1,12068.20953539941,-0.0862898619278617
768,2018-02-09,0,20.69466781616211,1,11884.065095870035,-0.015258637910555706
769,2018-02-12,0,21.048667907714844,1,12087.352250287227,0.017105860055229627
770,2018-02-13,2,21.577333450317383,0,12378.551381408664,0.024091225695397123
771,2018-02-14,2,21.487333297729492,0,12378.551381408664,0.0
772,2018-02-15,2,22.271333694458008,0,12378.551381408664,0.0
773,2018-02-16,2,22.36599922180176,0,12378.551381408664,0.0
774,2018-02-20,2,22.31800079345703,0,12378.551381408664,0.0
775,2018-02-21,0,22.219999313354492,0,12378.551381408664,0.0
776,2018-02-22,0,23.07799911499023,0,12378.551381408664,0.0
777,2018-02-23,2,23.469999313354492,0,12378.551381408664,0.0
778,2018-02-26,2,23.82799911499023,0,12378.551381408664,0.0
779,2018-02-27,2,23.39933204650879,0,12378.551381408664,0.0
780,2018-02-28,2,22.87066650390625,0,12378.551381408664,0.0
781,2018-03-01,2,22.062000274658203,0,12378.551381408664,0.0
782,2018-03-02,0,22.341333389282227,0,12378.551381408664,0.0
783,2018-03-05,2,22.22333335876465,0,12378.551381408664,0.0
784,2018-03-06,0,21.8799991607666,0,12378.551381408664,0.0
785,2018-03-07,2,22.15333366394043,0,12378.551381408664,0.0
786,2018-03-08,0,21.940000534057617,0,12378.551381408664,0.0
787,2018-03-09,2,21.81133270263672,0,12378.551381408664,0.0
788,2018-03-12,2,23.034000396728516,0,12378.551381408664,0.0
789,2018-03-13,2,22.78933334350586,0,12378.551381408664,0.0
790,2018-03-14,2,21.775333404541016,0,12378.551381408664,0.0
791,2018-03-15,2,21.706666946411133,0,12378.551381408664,0.0
792,2018-03-16,2,21.42333221435547,0,12378.551381408664,0.0
793,2018-03-19,0,20.90399932861328,0,12378.551381408664,0.0
794,2018-03-20,0,20.703332901000977,0,12378.551381408664,0.0
795,2018-03-21,0,21.10199928283691,0,12378.551381408664,0.0
796,2018-03-22,0,20.606666564941406,0,12378.551381408664,0.0
797,2018-03-23,0,20.1026668548584,0,12378.551381408664,0.0
798,2018-03-26,0,20.278667449951172,0,12378.551381408664,0.0
799,2018-03-27,0,18.61199951171875,0,12378.551381408664,0.0
800,2018-03-28,0,17.185333251953125,0,12378.551381408664,0.0
801,2018-03-29,0,17.742000579833984,0,12378.551381408664,0.0
802,2018-04-02,1,16.832000732421875,1,12366.172830027255,-0.0010000000000000009
803,2018-04-03,1,17.8353328704834,1,13103.303182053109,0.05960860827013281
804,2018-04-04,0,19.12933349609375,1,14053.98252391163,0.07255264788199489
805,2018-04-05,0,20.381332397460938,1,14973.803942852552,0.06544916484533303
806,2018-04-06,0,19.953332901000977,1,14659.360293013962,-0.020999583742291716
807,2018-04-09,2,19.310667037963867,0,14173.017860497195,-0.03317623844394746
808,2018-04-10,2,20.31333351135254,0,14173.017860497195,0.0
809,2018-04-11,2,20.062000274658203,0,14173.017860497195,0.0
810,2018-04-12,0,19.60533332824707,0,14173.017860497195,0.0
811,2018-04-13,2,20.022666931152344,0,14173.017860497195,0.0
812,2018-04-16,0,19.413999557495117,0,14173.017860497195,0.0
813,2018-04-17,0,19.179332733154297,0,14173.017860497195,0.0
814,2018-04-18,0,19.55666732788086,0,14173.017860497195,0.0
815,2018-04-19,0,20.005332946777344,0,14173.017860497195,0.0
816,2018-04-20,0,19.34933280944824,0,14173.017860497195,0.0
817,2018-04-23,2,18.891332626342773,0,14173.017860497195,0.0
818,2018-04-24,0,18.8973331451416,0,14173.017860497195,0.0
819,2018-04-25,0,18.71266746520996,0,14173.017860497195,0.0
820,2018-04-26,0,19.031999588012695,0,14173.017860497195,0.0
821,2018-04-27,2,19.60533332824707,0,14173.017860497195,0.0
822,2018-04-30,2,19.593332290649418,0,14173.017860497195,0.0
823,2018-05-01,2,19.994667053222656,0,14173.017860497195,0.0
824,2018-05-02,0,20.07666778564453,0,14173.017860497195,0.0
825,2018-05-03,0,18.963333129882812,0,14173.017860497195,0.0
826,2018-05-04,2,19.606000900268555,0,14173.017860497195,0.0
827,2018-05-07,0,20.184667587280273,0,14173.017860497195,0.0
828,2018-05-08,0,20.131332397460938,0,14173.017860497195,0.0
829,2018-05-09,0,20.456666946411133,0,14173.017860497195,0.0
830,2018-05-10,0,20.334667205810547,0,14173.017860497195,0.0
831,2018-05-11,2,20.070667266845703,0,14173.017860497195,0.0
832,2018-05-14,2,19.46466636657715,0,14173.017860497195,0.0
833,2018-05-15,2,18.94533348083496,0,14173.017860497195,0.0
834,2018-05-16,2,19.09866714477539,0,14173.017860497195,0.0
835,2018-05-17,2,18.96933364868164,0,14173.017860497195,0.0
836,2018-05-18,2,18.454666137695312,0,14173.017860497195,0.0
837,2018-05-21,2,18.965999603271484,0,14173.017860497195,0.0
838,2018-05-22,0,18.333999633789062,0,14173.017860497195,0.0
839,2018-05-23,2,18.60466766357422,0,14173.017860497195,0.0
840,2018-05-24,0,18.523332595825195,0,14173.017860497195,0.0
841,2018-05-25,0,18.59000015258789,0,14173.017860497195,0.0
842,2018-05-29,0,18.917333602905273,0,14173.017860497195,0.0
843,2018-05-30,0,19.447999954223633,0,14173.017860497195,0.0
844,2018-05-31,0,18.98200035095215,0,14173.017860497195,0.0
845,2018-06-01,2,19.454666137695312,0,14173.017860497195,0.0
846,2018-06-04,2,19.78266716003418,0,14173.017860497195,0.0
847,2018-06-05,2,19.408666610717773,0,14173.017860497195,0.0
848,2018-06-06,0,21.299999237060547,0,14173.017860497195,0.0
849,2018-06-07,2,21.07266616821289,0,14173.017860497195,0.0
850,2018-06-08,0,21.17733383178711,0,14173.017860497195,0.0
851,2018-06-11,0,22.13999938964844,0,14173.017860497195,0.0
852,2018-06-12,0,22.851333618164062,0,14173.017860497195,0.0
853,2018-06-13,0,22.985332489013672,0,14173.017860497195,0.0
854,2018-06-14,0,23.847999572753903,0,14173.017860497195,0.0
855,2018-06-15,0,23.878000259399418,0,14173.017860497195,0.0
856,2018-06-18,0,24.722000122070312,0,14173.017860497195,0.0
857,2018-06-19,2,23.503332138061523,0,14173.017860497195,0.0
858,2018-06-20,0,24.14800071716309,0,14173.017860497195,0.0
859,2018-06-21,2,23.167333602905273,0,14173.017860497195,0.0
860,2018-06-22,2,22.242000579833984,0,14173.017860497195,0.0
861,2018-06-25,0,22.200666427612305,0,14173.017860497195,0.0
862,2018-06-26,0,22.799999237060547,0,14173.017860497195,0.0
863,2018-06-27,0,22.96666717529297,0,14173.017860497195,0.0
864,2018-06-28,0,23.32866668701172,0,14173.017860497195,0.0
865,2018-06-29,2,22.86333274841309,0,14173.017860497195,0.0
866,2018-07-02,0,22.33799934387207,0,14173.017860497195,0.0
867,2018-07-03,0,20.724000930786133,0,14173.017860497195,0.0
868,2018-07-05,0,20.610666275024418,0,14173.017860497195,0.0
869,2018-07-06,0,20.593332290649418,0,14173.017860497195,0.0
870,2018-07-09,2,21.233999252319336,0,14173.017860497195,0.0
871,2018-07-10,2,21.49799919128418,0,14173.017860497195,0.0
872,2018-07-11,0,21.263999938964844,0,14173.017860497195,0.0
873,2018-07-12,0,21.11400032043457,0,14173.017860497195,0.0
874,2018-07-13,2,21.257999420166016,0,14173.017860497195,0.0
875,2018-07-16,2,20.67333221435547,0,14173.017860497195,0.0
876,2018-07-17,2,21.512666702270508,0,14173.017860497195,0.0
877,2018-07-18,2,21.59000015258789,0,14173.017860497195,0.0
878,2018-07-19,2,21.34866714477539,0,14173.017860497195,0.0
879,2018-07-20,2,20.905332565307617,0,14173.017860497195,0.0
880,2018-07-23,0,20.213333129882812,0,14173.017860497195,0.0
881,2018-07-24,0,19.82866668701172,0,14173.017860497195,0.0
882,2018-07-25,0,20.582666397094727,0,14173.017860497195,0.0
883,2018-07-26,0,20.44333267211914,0,14173.017860497195,0.0
884,2018-07-27,0,19.812000274658203,0,14173.017860497195,0.0
885,2018-07-30,0,19.344667434692383,0,14173.017860497195,0.0
886,2018-07-31,0,19.875999450683594,0,14173.017860497195,0.0
887,2018-08-01,0,20.055999755859375,0,14173.017860497195,0.0
888,2018-08-02,0,23.30266761779785,0,14173.017860497195,0.0
889,2018-08-03,0,23.211332321166992,0,14173.017860497195,0.0
890,2018-08-06,0,22.799333572387695,0,14173.017860497195,0.0
891,2018-08-07,0,25.30466651916504,0,14173.017860497195,0.0
892,2018-08-08,0,24.689332962036133,0,14173.017860497195,0.0
893,2018-08-09,0,23.496667861938477,0,14173.017860497195,0.0
894,2018-08-10,0,23.69933319091797,0,14173.017860497195,0.0
895,2018-08-13,0,23.76066780090332,0,14173.017860497195,0.0
896,2018-08-14,0,23.176000595092773,0,14173.017860497195,0.0
897,2018-08-15,0,22.57933235168457,0,14173.017860497195,0.0
898,2018-08-16,0,22.36333274841309,0,14173.017860497195,0.0
899,2018-08-17,0,20.36666679382324,0,14173.017860497195,0.0
900,2018-08-20,2,20.562667846679688,0,14173.017860497195,0.0
901,2018-08-21,0,21.459999084472656,0,14173.017860497195,0.0
902,2018-08-22,2,21.44266700744629,0,14173.017860497195,0.0
903,2018-08-23,2,21.34000015258789,0,14173.017860497195,0.0
904,2018-08-24,2,21.521333694458008,0,14173.017860497195,0.0
905,2018-08-27,2,21.284666061401367,0,14173.017860497195,0.0
906,2018-08-28,0,20.790666580200195,0,14173.017860497195,0.0
907,2018-08-29,0,20.333999633789062,0,14173.017860497195,0.0
908,2018-08-30,2,20.209999084472656,0,14173.017860497195,0.0
909,2018-08-31,2,20.110666275024418,0,14173.017860497195,0.0
910,2018-09-04,0,19.26333236694336,0,14173.017860497195,0.0
911,2018-09-05,2,18.715999603271484,0,14173.017860497195,0.0
912,2018-09-06,2,18.729999542236328,0,14173.017860497195,0.0
913,2018-09-07,1,17.549333572387695,1,14158.8448426367,-0.0009999999999998899
914,2018-09-10,0,19.03333282470703,1,15356.139034664502,0.08456157301917577
915,2018-09-11,2,18.62933349609375,0,15015.161206180293,-0.022204658847806424
916,2018-09-12,2,19.36933326721191,0,15015.161206180293,0.0
917,2018-09-13,2,19.297332763671875,0,15015.161206180293,0.0
918,2018-09-14,2,19.68000030517578,0,15015.161206180293,0.0
919,2018-09-17,0,19.6560001373291,0,15015.161206180293,0.0
920,2018-09-18,0,18.997333526611328,0,15015.161206180293,0.0
921,2018-09-19,0,19.934667587280273,0,15015.161206180293,0.0
922,2018-09-20,2,19.8886661529541,0,15015.161206180293,0.0
923,2018-09-21,2,19.940000534057617,0,15015.161206180293,0.0
924,2018-09-24,2,19.978666305541992,0,15015.161206180293,0.0
925,2018-09-25,2,20.06599998474121,0,15015.161206180293,0.0
926,2018-09-26,0,20.6386661529541,0,15015.161206180293,0.0
927,2018-09-27,0,20.501333236694336,0,15015.161206180293,0.0
928,2018-09-28,0,17.65133285522461,0,15015.161206180293,0.0
929,2018-10-01,2,20.713333129882812,0,15015.161206180293,0.0
930,2018-10-02,0,20.06800079345703,0,15015.161206180293,0.0
931,2018-10-03,2,19.65333366394043,0,15015.161206180293,0.0
932,2018-10-04,0,18.788667678833008,0,15015.161206180293,0.0
933,2018-10-05,0,17.463333129882812,0,15015.161206180293,0.0
934,2018-10-08,0,16.70400047302246,0,15015.161206180293,0.0
935,2018-10-09,0,17.520000457763672,0,15015.161206180293,0.0
936,2018-10-10,0,17.125333786010742,0,15015.161206180293,0.0
937,2018-10-11,0,16.815332412719727,0,15015.161206180293,0.0
938,2018-10-12,0,17.25200080871582,0,15015.161206180293,0.0
939,2018-10-15,0,17.305999755859375,0,15015.161206180293,0.0
940,2018-10-16,2,18.439332962036133,0,15015.161206180293,0.0
941,2018-10-17,0,18.118667602539062,0,15015.161206180293,0.0
942,2018-10-18,2,17.5939998626709,0,15015.161206180293,0.0
943,2018-10-19,0,17.333332061767578,0,15015.161206180293,0.0
944,2018-10-22,0,17.39666748046875,0,15015.161206180293,0.0
945,2018-10-23,2,19.60933303833008,0,15015.161206180293,0.0
946,2018-10-24,2,19.233333587646484,0,15015.161206180293,0.0
947,2018-10-25,0,20.99066734313965,0,15015.161206180293,0.0
948,2018-10-26,0,22.059999465942383,0,15015.161206180293,0.0
949,2018-10-29,1,22.323333740234375,1,15000.146044974112,-0.001000000000000112
950,2018-10-30,0,21.99333381652832,1,14778.40286324228,-0.01478273485251358
951,2018-10-31,0,22.488000869750977,1,15110.793989420861,0.022491681222557958
952,2018-11-01,0,22.95199966430664,1,15422.5776040018,0.020633172207841666
953,2018-11-02,0,23.0939998626709,1,15517.994522400513,0.006186833410645631
954,2018-11-05,0,22.760000228881836,1,15293.563738714562,-0.014462615214999697
955,2018-11-06,0,22.737333297729492,1,15278.332712666526,-0.0009959108490508184
956,2018-11-07,0,23.21066665649414,1,15596.38868011511,0.020817452625893962
957,2018-11-08,0,23.426666259765625,1,15741.529438768423,0.00930604908804078
958,2018-11-09,0,23.367332458496097,1,15701.660139012254,-0.0025327462564074255
959,2018-11-12,0,22.0853328704834,1,14840.221553111096,-0.05486289846261749
960,2018-11-13,0,22.582000732421875,1,15173.957121087422,0.022488583932654516
961,2018-11-14,0,22.933332443237305,1,15410.034179907881,0.015558041777538723
962,2018-11-15,0,23.229333877563477,1,15608.932104209029,0.012907039788430552
963,2018-11-16,0,23.62066650390625,1,15871.887745853404,0.016846485069498707
964,2018-11-19,0,23.564666748046875,1,15834.258755213017,-0.0023707949075066903
965,2018-11-20,0,23.166000366210938,1,15566.37520249874,-0.01691797240752324
966,2018-11-21,0,22.54599952697754,1,15149.766140217622,-0.026763395900559095
967,2018-11-23,2,21.722000122070312,0,14581.484326380127,-0.03751092977791215
968,2018-11-26,0,23.066667556762695,0,14581.484326380127,0.0
969,2018-11-27,0,22.92799949645996,0,14581.484326380127,0.0
970,2018-11-28,0,23.191333770751953,0,14581.484326380127,0.0
971,2018-11-29,2,22.744667053222656,0,14581.484326380127,0.0
972,2018-11-30,2,23.365333557128903,0,14581.484326380127,0.0
973,2018-12-03,0,23.89933204650879,0,14581.484326380127,0.0
974,2018-12-04,2,23.979999542236328,0,14581.484326380127,0.0
975,2018-12-06,0,24.20400047302246,0,14581.484326380127,0.0
976,2018-12-07,2,23.864667892456055,0,14581.484326380127,0.0
977,2018-12-10,2,24.343332290649418,0,14581.484326380127,0.0
978,2018-12-11,2,24.450666427612305,0,14581.484326380127,0.0
979,2018-12-12,0,24.440000534057617,0,14581.484326380127,0.0
980,2018-12-13,0,25.11933326721191,0,14581.484326380127,0.0
981,2018-12-14,2,24.38066673278809,0,14581.484326380127,0.0
982,2018-12-17,2,23.22800064086914,0,14581.484326380127,0.0
983,2018-12-18,0,22.468666076660156,0,14581.484326380127,0.0
984,2018-12-19,0,22.197999954223633,0,14581.484326380127,0.0
985,2018-12-20,0,21.025333404541016,0,14581.484326380127,0.0
986,2018-12-21,0,21.31800079345703,0,14581.484326380127,0.0
987,2018-12-24,0,19.69266700744629,0,14581.484326380127,0.0
988,2018-12-26,2,21.73933219909668,0,14581.484326380127,0.0
989,2018-12-27,0,21.07533264160156,0,14581.484326380127,0.0
990,2018-12-28,0,22.257999420166016,0,14581.484326380127,0.0
991,2018-12-31,0,22.18666648864746,0,14581.484326380127,0.0
992,2019-01-02,0,20.67466735839844,0,14581.484326380127,0.0
993,2019-01-03,1,20.02400016784668,1,14566.902842053749,-0.0009999999999998899
994,2019-01-04,1,21.179332733154297,1,15407.375129709875,0.0576973909120706
995,2019-01-07,0,22.33066749572754,1,16244.939127138017,0.05436123871697496
996,2019-01-08,0,22.356666564941406,1,16263.852726421259,0.0011642764023440666
997,2019-01-09,0,22.568666458129883,1,16418.076748630425,0.009482625353500751
998,2019-01-10,0,22.99799919128418,1,16730.404363410133,0.019023398389568458
999,2019-01-11,0,23.15066719055176,1,16841.466084034397,0.0066383165769239305
1000,2019-01-14,0,22.293333053588867,1,16217.779359522274,-0.0370328047095243
1001,2019-01-15,0,22.961999893188477,1,16704.21587592778,0.029994027272290946
1002,2019-01-16,0,23.06999969482422,1,16782.78272591788,0.004703414429845898
1003,2019-01-17,0,23.15399932861328,1,16843.890121738732,0.0036410765019605495
1004,2019-01-18,2,20.15066719055176,0,14644.390526275869,-0.1305814499837058
1005,2019-01-22,0,19.92799949645996,0,14644.390526275869,0.0
1006,2019-01-23,0,19.172666549682617,0,14644.390526275869,0.0
1007,2019-01-24,2,19.43400001525879,0,14644.390526275869,0.0
1008,2019-01-25,0,19.80266761779785,0,14644.390526275869,0.0
1009,2019-01-28,0,19.7586669921875,0,14644.390526275869,0.0
1010,2019-01-29,0,19.83066749572754,0,14644.390526275869,0.0
1011,2019-01-30,0,20.584667205810547,0,14644.390526275869,0.0
1012,2019-01-31,0,20.468000411987305,0,14644.390526275869,0.0
1013,2019-02-01,2,20.81399917602539,0,14644.390526275869,0.0
1014,2019-02-04,0,20.85933303833008,0,14644.390526275869,0.0
1015,2019-02-05,0,21.42333221435547,0,14644.390526275869,0.0
1016,2019-02-06,0,21.14800071716309,0,14644.390526275869,0.0
1017,2019-02-07,0,20.500667572021484,0,14644.390526275869,0.0
1018,2019-02-08,0,20.38666725158691,0,14644.390526275869,0.0
1019,2019-02-11,0,20.856000900268555,0,14644.390526275869,0.0
1020,2019-02-12,0,20.78733253479004,0,14644.390526275869,0.0
1021,2019-02-13,0,20.544666290283203,0,14644.390526275869,0.0
1022,2019-02-14,2,20.251333236694336,0,14644.390526275869,0.0
1023,2019-02-15,0,20.525333404541016,0,14644.390526275869,0.0
1024,2019-02-19,0,20.375999450683594,0,14644.390526275869,0.0
1025,2019-02-20,0,20.17066764831543,0,14644.390526275869,0.0
1026,2019-02-21,0,19.415332794189453,0,14644.390526275869,0.0
1027,2019-02-22,0,19.6473331451416,0,14644.390526275869,0.0
1028,2019-02-25,2,19.917999267578125,0,14644.390526275869,0.0
1029,2019-02-26,0,19.857332229614254,0,14644.390526275869,0.0
1030,2019-02-27,2,20.982667922973633,0,14644.390526275869,0.0
1031,2019-02-28,0,21.32533264160156,0,14644.390526275869,0.0
1032,2019-03-01,0,19.652666091918945,0,14644.390526275869,0.0
1033,2019-03-04,0,19.02400016784668,0,14644.390526275869,0.0
1034,2019-03-05,0,18.43600082397461,0,14644.390526275869,0.0
1035,2019-03-06,0,18.416000366210938,0,14644.390526275869,0.0
1036,2019-03-07,0,18.439332962036133,0,14644.390526275869,0.0
1037,2019-03-08,0,18.94266700744629,0,14644.390526275869,0.0
1038,2019-03-11,0,19.39466667175293,0,14644.390526275869,0.0
1039,2019-03-12,0,18.89066696166992,0,14644.390526275869,0.0
1040,2019-03-13,0,19.263999938964844,0,14644.390526275869,0.0
1041,2019-03-14,0,19.33066749572754,0,14644.390526275869,0.0
1042,2019-03-15,0,18.36199951171875,0,14644.390526275869,0.0
1043,2019-03-18,2,17.965999603271484,0,14644.390526275869,0.0
1044,2019-03-19,0,17.83133316040039,0,14644.390526275869,0.0
1045,2019-03-20,2,18.239999771118164,0,14644.390526275869,0.0
1046,2019-03-21,2,18.26799964904785,0,14644.390526275869,0.0
1047,2019-03-22,0,17.635332107543945,0,14644.390526275869,0.0
1048,2019-03-25,2,17.3613338470459,0,14644.390526275869,0.0
1049,2019-03-26,2,17.851333618164062,0,14644.390526275869,0.0
1050,2019-03-27,0,18.32200050354004,0,14644.390526275869,0.0
1051,2019-03-28,0,18.57466697692871,0,14644.390526275869,0.0
1052,2019-03-29,2,18.65733337402344,0,14644.390526275869,0.0
1053,2019-04-01,0,19.278667449951172,0,14644.390526275869,0.0
1054,2019-04-02,2,19.058666229248047,0,14644.390526275869,0.0
1055,2019-04-03,0,19.45400047302246,0,14644.390526275869,0.0
1056,2019-04-04,0,17.851999282836914,0,14644.390526275869,0.0
1057,2019-04-05,0,18.33066749572754,0,14644.390526275869,0.0
1058,2019-04-08,2,18.213333129882812,0,14644.390526275869,0.0
1059,2019-04-09,2,18.15399932861328,0,14644.390526275869,0.0
1060,2019-04-10,0,18.40399932861328,0,14644.390526275869,0.0
1061,2019-04-11,0,17.89466667175293,0,14644.390526275869,0.0
1062,2019-04-12,2,17.84666633605957,0,14644.390526275869,0.0
1063,2019-04-15,0,17.7586669921875,0,14644.390526275869,0.0
1064,2019-04-16,2,18.224000930786133,0,14644.390526275869,0.0
1065,2019-04-17,2,18.082000732421875,0,14644.390526275869,0.0
1066,2019-04-18,2,18.21733283996582,0,14644.390526275869,0.0
1067,2019-04-22,0,17.516666412353516,0,14644.390526275869,0.0
1068,2019-04-23,0,17.593332290649414,0,14644.390526275869,0.0
1069,2019-04-24,2,17.243999481201172,0,14644.390526275869,0.0
1070,2019-04-25,0,16.5086669921875,0,14644.390526275869,0.0
1071,2019-04-26,0,15.675999641418455,0,14644.390526275869,0.0
1072,2019-04-29,2,16.097999572753906,0,14644.390526275869,0.0
1073,2019-04-30,0,15.912667274475098,0,14644.390526275869,0.0
1074,2019-05-01,0,15.600666999816896,0,14644.390526275869,0.0
1075,2019-05-02,0,16.273332595825195,0,14644.390526275869,0.0
1076,2019-05-03,0,17.00200080871582,0,14644.390526275869,0.0
1077,2019-05-06,0,17.022666931152344,0,14644.390526275869,0.0
1078,2019-05-07,2,16.470666885375977,0,14644.390526275869,0.0
1079,2019-05-08,2,16.32266616821289,0,14644.390526275869,0.0
1080,2019-05-09,1,16.131999969482422,1,14629.746135749592,-0.001000000000000112
1081,2019-05-10,2,15.968000411987305,0,14466.537625345893,-0.011155935919139437
1082,2019-05-13,0,15.133999824523926,0,14466.537625345893,0.0
1083,2019-05-14,2,15.487333297729492,0,14466.537625345893,0.0
1084,2019-05-15,2,15.463333129882812,0,14466.537625345893,0.0
1085,2019-05-16,0,15.222000122070312,0,14466.537625345893,0.0
1086,2019-05-17,0,14.0686674118042,0,14466.537625345893,0.0
1087,2019-05-20,0,13.690667152404783,0,14466.537625345893,0.0
1088,2019-05-21,0,13.67199993133545,0,14466.537625345893,0.0
1089,2019-05-22,0,12.84866714477539,0,14466.537625345893,0.0
1090,2019-05-23,2,13.03266716003418,0,14466.537625345893,0.0
1091,2019-05-24,0,12.708666801452637,0,14466.537625345893,0.0
1092,2019-05-28,2,12.579999923706056,0,14466.537625345893,0.0
1093,2019-05-29,2,12.657333374023438,0,14466.537625345893,0.0
1094,2019-05-30,2,12.54800033569336,0,14466.537625345893,0.0
1095,2019-05-31,2,12.343999862670898,0,14466.537625345893,0.0
1096,2019-06-03,1,11.9313325881958,1,14452.071087720547,-0.0010000000000000009
1097,2019-06-04,1,12.90666675567627,1,15633.464584089585,0.08174561896341825
1098,2019-06-05,0,13.105999946594238,1,15874.910996214474,0.01544420373527533
1099,2019-06-06,2,13.729999542236328,0,16614.112549797454,0.04656413845465024
1100,2019-06-07,2,13.633333206176758,0,16614.112549797454,0.0
1101,2019-06-10,2,14.19200038909912,0,16614.112549797454,0.0
1102,2019-06-11,2,14.473333358764648,0,16614.112549797454,0.0
1103,2019-06-12,2,13.95066738128662,0,16614.112549797454,0.0
1104,2019-06-13,2,14.260666847229004,0,16614.112549797454,0.0
1105,2019-06-14,0,14.32800006866455,0,16614.112549797454,0.0
1106,2019-06-17,0,15.001999855041504,0,16614.112549797454,0.0
1107,2019-06-18,0,14.982666969299316,0,16614.112549797454,0.0
1108,2019-06-19,0,15.095333099365234,0,16614.112549797454,0.0
1109,2019-06-20,0,14.641332626342772,0,16614.112549797454,0.0
1110,2019-06-21,0,14.790666580200195,0,16614.112549797454,0.0
1111,2019-06-24,0,14.90933322906494,0,16614.112549797454,0.0
1112,2019-06-25,2,14.650667190551758,0,16614.112549797454,0.0
1113,2019-06-26,0,14.618000030517578,0,16614.112549797454,0.0
1114,2019-06-27,0,14.855999946594238,0,16614.112549797454,0.0
1115,2019-06-28,0,14.897333145141602,0,16614.112549797454,0.0
1116,2019-07-01,0,15.14466667175293,0,16614.112549797454,0.0
1117,2019-07-02,0,14.970000267028809,0,16614.112549797454,0.0
1118,2019-07-03,0,15.65999984741211,0,16614.112549797454,0.0
1119,2019-07-05,2,15.539999961853027,0,16614.112549797454,0.0
1120,2019-07-08,2,15.355999946594238,0,16614.112549797454,0.0
1121,2019-07-09,2,15.337332725524902,0,16614.112549797454,0.0
1122,2019-07-10,0,15.928000450134276,0,16614.112549797454,0.0
1123,2019-07-11,0,15.90666675567627,0,16614.112549797454,0.0
1124,2019-07-12,0,16.338666915893555,0,16614.112549797454,0.0
1125,2019-07-15,0,16.899999618530273,0,16614.112549797454,0.0
1126,2019-07-16,0,16.825332641601562,0,16614.112549797454,0.0
1127,2019-07-17,0,16.99066734313965,0,16614.112549797454,0.0
1128,2019-07-18,0,16.902666091918945,0,16614.112549797454,0.0
1129,2019-07-19,0,17.211999893188477,0,16614.112549797454,0.0
1130,2019-07-22,0,17.045333862304688,0,16614.112549797454,0.0
1131,2019-07-23,0,17.344667434692383,0,16614.112549797454,0.0
1132,2019-07-24,0,17.658666610717773,0,16614.112549797454,0.0
1133,2019-07-25,0,15.254667282104492,0,16614.112549797454,0.0
1134,2019-07-26,0,15.202667236328123,0,16614.112549797454,0.0
1135,2019-07-29,2,15.718000411987305,0,16614.112549797454,0.0
1136,2019-07-30,2,16.150667190551758,0,16614.112549797454,0.0
1137,2019-07-31,2,16.107332229614258,0,16614.112549797454,0.0
1138,2019-08-01,0,15.59000015258789,0,16614.112549797454,0.0
1139,2019-08-02,2,15.62266731262207,0,16614.112549797454,0.0
1140,2019-08-05,0,15.221332550048828,0,16614.112549797454,0.0
1141,2019-08-06,0,15.383333206176758,0,16614.112549797454,0.0
1142,2019-08-07,0,15.56133270263672,0,16614.112549797454,0.0
1143,2019-08-08,0,15.886667251586914,0,16614.112549797454,0.0
1144,2019-08-09,0,15.667332649230955,0,16614.112549797454,0.0
1145,2019-08-12,0,15.267333030700684,0,16614.112549797454,0.0
1146,2019-08-13,0,15.666666984558104,0,16614.112549797454,0.0
1147,2019-08-14,0,14.641332626342772,0,16614.112549797454,0.0
1148,2019-08-15,0,14.37600040435791,0,16614.112549797454,0.0
1149,2019-08-16,2,14.662667274475098,0,16614.112549797454,0.0
1150,2019-08-19,2,15.121999740600586,0,16614.112549797454,0.0
1151,2019-08-20,2,15.057332992553713,0,16614.112549797454,0.0
1152,2019-08-21,0,14.722000122070312,0,16614.112549797454,0.0
1153,2019-08-22,0,14.8100004196167,0,16614.112549797454,0.0
1154,2019-08-23,0,14.09333324432373,0,16614.112549797454,0.0
1155,2019-08-26,0,14.333333015441896,0,16614.112549797454,0.0
1156,2019-08-27,0,14.272000312805176,0,16614.112549797454,0.0
1157,2019-08-28,0,14.37266731262207,0,16614.112549797454,0.0
1158,2019-08-29,2,14.780667304992676,0,16614.112549797454,0.0
1159,2019-08-30,0,15.040666580200195,0,16614.112549797454,0.0
1160,2019-09-03,0,15.000666618347168,0,16614.112549797454,0.0
1161,2019-09-04,0,14.711999893188477,0,16614.112549797454,0.0
1162,2019-09-05,0,15.305333137512209,0,16614.112549797454,0.0
1163,2019-09-06,0,15.16333293914795,0,16614.112549797454,0.0
1164,2019-09-09,0,15.452667236328123,0,16614.112549797454,0.0
1165,2019-09-10,0,15.702667236328123,0,16614.112549797454,0.0
1166,2019-09-11,0,16.47333335876465,0,16614.112549797454,0.0
1167,2019-09-12,0,16.391332626342773,0,16614.112549797454,0.0
1168,2019-09-13,0,16.34666633605957,0,16614.112549797454,0.0
1169,2019-09-16,0,16.187332153320312,0,16614.112549797454,0.0
1170,2019-09-17,0,16.319332122802734,0,16614.112549797454,0.0
1171,2019-09-18,0,16.232667922973633,0,16614.112549797454,0.0
1172,2019-09-19,0,16.440000534057617,0,16614.112549797454,0.0
1173,2019-09-20,0,16.041332244873047,0,16614.112549797454,0.0
1174,2019-09-23,0,16.082000732421875,0,16614.112549797454,0.0
1175,2019-09-24,0,14.880666732788086,0,16614.112549797454,0.0
1176,2019-09-25,0,15.24666690826416,0,16614.112549797454,0.0
1177,2019-09-26,0,16.17066764831543,0,16614.112549797454,0.0
1178,2019-09-27,0,16.142000198364258,0,16614.112549797454,0.0
1179,2019-09-30,0,16.058000564575195,0,16614.112549797454,0.0
1180,2019-10-01,0,16.312667846679688,0,16614.112549797454,0.0
1181,2019-10-02,0,16.208667755126953,0,16614.112549797454,0.0
1182,2019-10-03,0,15.535332679748535,0,16614.112549797454,0.0
1183,2019-10-04,2,15.428667068481444,0,16614.112549797454,0.0
1184,2019-10-07,0,15.847999572753906,0,16614.112549797454,0.0
1185,2019-10-08,0,16.003332138061523,0,16614.112549797454,0.0
1186,2019-10-09,0,16.302000045776367,0,16614.112549797454,0.0
1187,2019-10-10,0,16.31599998474121,0,16614.112549797454,0.0
1188,2019-10-11,0,16.525999069213867,0,16614.112549797454,0.0
1189,2019-10-14,0,17.130666732788086,0,16614.112549797454,0.0
1190,2019-10-15,0,17.19266700744629,0,16614.112549797454,0.0
1191,2019-10-16,0,17.316667556762695,0,16614.112549797454,0.0
1192,2019-10-17,0,17.46466636657715,0,16614.112549797454,0.0
1193,2019-10-18,0,17.1299991607666,0,16614.112549797454,0.0
1194,2019-10-21,2,16.899999618530273,0,16614.112549797454,0.0
1195,2019-10-22,0,17.038667678833008,0,16614.112549797454,0.0
1196,2019-10-23,0,16.978666305541992,0,16614.112549797454,0.0
1197,2019-10-24,1,19.978666305541992,1,16597.498437247657,-0.0009999999999998899
1198,2019-10-25,0,21.875333786010746,1,18173.175965548242,0.09493463935290936
1199,2019-10-28,0,21.847333908081055,1,18149.91475666303,-0.0012799748887760698
1200,2019-10-29,0,21.08133316040039,1,17513.551146694048,-0.03506152059118439
1201,2019-10-30,0,21.000667572021484,1,17446.537315210855,-0.0038263988223680157
1202,2019-10-31,0,20.994667053222656,1,17441.552317720878,-0.0002857299073112385
1203,2019-11-01,0,20.88733291625977,1,17352.383293960233,-0.005112447684490151
1204,2019-11-04,0,21.1646671295166,1,17582.7817650458,0.013277626893232641
1205,2019-11-05,0,21.14800071716309,1,17568.935958285656,-0.0007874639488313351
1206,2019-11-06,0,21.77199935913086,1,18087.32974526391,0.029506271080336877
1207,2019-11-07,0,22.36933326721191,1,18583.571509066736,0.027435877533706465
1208,2019-11-08,0,22.47599983215332,1,18672.185939972493,0.004768428440277139
1209,2019-11-11,0,23.006000518798828,1,19112.48988387984,0.02358073903734903
1210,2019-11-12,0,23.32866668701172,1,19380.548378914646,0.014025304743831235
1211,2019-11-13,0,23.073999404907227,1,19168.980712079203,-0.010916495379749924
1212,2019-11-14,0,23.290000915527344,1,19348.426360759266,0.00936125146012512
1213,2019-11-15,0,23.47800064086914,1,19504.609216003108,0.008072121852793046
1214,2019-11-18,0,23.332666397094727,1,19383.871182390958,-0.006190230846208733
1215,2019-11-19,0,23.968000411987305,1,19911.68195604529,0.02722937893509192
1216,2019-11-20,0,23.481332778930664,1,19507.377426624527,-0.020304890883314552
1217,2019-11-21,0,23.655332565307617,1,19651.929677425764,0.00741013246629163
1218,2019-11-22,0,22.202667236328125,1,18445.111856914253,-0.06140963459164961
1219,2019-11-25,0,22.422666549682617,1,18627.878724519614,0.009908688492818785
1220,2019-11-26,0,21.92799949645996,1,18216.928588146224,-0.022061027047189374
1221,2019-11-27,0,22.086000442504883,1,18348.189625042207,0.0072054427979366675
1222,2019-11-29,0,21.996000289916992,1,18273.4210008966,-0.0040749864522633406
1223,2019-12-02,0,22.32466697692871,1,18546.46449342138,0.01494211141479096
1224,2019-12-03,0,22.413333892822266,1,18620.125516408218,0.003971701615311352
1225,2019-12-04,2,22.20199966430664,0,18426.112706795302,-0.010419522115570623
1226,2019-12-05,2,22.024667739868164,0,18426.112706795302,0.0
1227,2019-12-06,0,22.392667770385746,0,18426.112706795302,0.0
1228,2019-12-09,0,22.635332107543945,0,18426.112706795302,0.0
1229,2019-12-10,0,23.256000518798828,0,18426.112706795302,0.0
1230,2019-12-11,2,23.51333236694336,0,18426.112706795302,0.0
1231,2019-12-12,0,23.978666305541992,0,18426.112706795302,0.0
1232,2019-12-13,0,23.892667770385746,0,18426.112706795302,0.0
1233,2019-12-16,0,25.433332443237305,0,18426.112706795302,0.0
1234,2019-12-17,0,25.266000747680664,0,18426.112706795302,0.0
1235,2019-12-18,0,26.209999084472656,0,18426.112706795302,0.0
1236,2019-12-19,0,26.93600082397461,0,18426.112706795302,0.0
1237,2019-12-20,0,27.03933334350586,0,18426.112706795302,0.0
1238,2019-12-23,0,27.947999954223633,0,18426.112706795302,0.0
1239,2019-12-24,0,28.350000381469727,0,18426.112706795302,0.0
1240,2019-12-26,0,28.729333877563477,0,18426.112706795302,0.0
1241,2019-12-27,0,28.691999435424805,0,18426.112706795302,0.0
1242,2019-12-30,0,27.64666748046875,0,18426.112706795302,0.0
1243,2019-12-31,0,27.8886661529541,0,18426.112706795302,0.0
1244,2020-01-02,0,28.68400001525879,0,18426.112706795302,0.0
1245,2020-01-03,0,29.534000396728516,0,18426.112706795302,0.0
1246,2020-01-06,0,30.1026668548584,0,18426.112706795302,0.0
1247,2020-01-07,0,31.270666122436523,0,18426.112706795302,0.0
1248,2020-01-08,0,32.80933380126953,0,18426.112706795302,0.0
1249,2020-01-09,0,32.089332580566406,0,18426.112706795302,0.0
1250,2020-01-10,0,31.87666702270508,0,18426.112706795302,0.0
1251,2020-01-13,0,34.990665435791016,0,18426.112706795302,0.0
1252,2020-01-14,0,35.861331939697266,0,18426.112706795302,0.0
1253,2020-01-15,0,34.56666564941406,0,18426.112706795302,0.0
1254,2020-01-16,2,34.232666015625,0,18426.112706795302,0.0
1255,2020-01-17,1,34.03333282470703,1,18407.686594088507,-0.0010000000000000009
1256,2020-01-21,0,36.47999954223633,1,19731.020819638434,0.07189030619278935
1257,2020-01-22,0,37.97066879272461,1,20537.282507841734,0.04086264444061727
1258,2020-01-23,0,38.14666748046875,1,20632.475320771682,0.004635122144013071
1259,2020-01-24,0,37.654666900634766,1,20366.365841446193,-0.012897603180825556
1260,2020-01-27,0,37.20133209228515,1,20121.169606411793,-0.012039272835579595
1261,2020-01-28,0,37.793331146240234,1,20441.36548923438,0.015913383222044608
1262,2020-01-29,0,38.732666015625,1,20949.425689262196,0.024854513769903885
1263,2020-01-30,0,42.72066879272461,1,23106.425875970657,0.10296225866535558
1264,2020-01-31,0,43.371334075927734,1,23458.35269643656,0.015230690473505337
1265,2020-02-03,1,52.0,1,28125.358977411353,0.19894859376394902
1266,2020-02-04,0,59.137332916259766,1,31985.7445622402,0.13725640223576474
1267,2020-02-05,0,48.97999954223633,1,26491.924419977702,-0.1717583947927872
1268,2020-02-06,0,49.930667877197266,1,27006.114577462977,0.01940931694254422
1269,2020-02-07,0,49.871334075927734,1,26974.022568612978,-0.001188323805631053
1270,2020-02-10,0,51.41866683959961,1,27810.931980839545,0.031026496329857656
1271,2020-02-11,0,51.62533187866211,1,27922.7113733725,0.004019260937028868
1272,2020-02-12,0,51.15266799926758,1,27667.060579456593,-0.009155657933695438
1273,2020-02-13,0,53.599998474121094,1,28990.753812949162,0.047843652551780025
1274,2020-02-14,0,53.33533477783203,1,28847.604553979578,-0.00493775566834842
1275,2020-02-18,0,57.22666549682617,1,30952.31750343224,0.0729597130158357
1276,2020-02-19,0,61.16133117675781,1,33080.46913235873,0.06875580895325539
1277,2020-02-20,0,59.96066665649414,1,32431.06296613071,-0.019631105097986157
1278,2020-02-21,0,60.06666564941406,1,32488.39488395988,0.0017678087791648256
1279,2020-02-24,2,55.58599853515625,0,30034.86128377331,-0.07552030837318857
1280,2020-02-25,0,53.32733154296875,0,30034.86128377331,0.0
1281,2020-02-26,2,51.91999816894531,0,30034.86128377331,0.0
1282,2020-02-27,0,45.26666641235352,0,30034.86128377331,0.0
1283,2020-02-28,0,44.53266525268555,0,30034.86128377331,0.0
1284,2020-03-02,2,49.574668884277344,0,30034.86128377331,0.0
1285,2020-03-03,0,49.70066833496094,0,30034.86128377331,0.0
1286,2020-03-04,0,49.96666717529297,0,30034.86128377331,0.0
1287,2020-03-05,1,48.30266571044922,1,30004.826422489536,-0.0010000000000000009
1288,2020-03-06,2,46.89866638183594,0,29103.552303219778,-0.030037638164579605
1289,2020-03-09,0,40.53333282470703,0,29103.552303219778,0.0
1290,2020-03-10,0,43.02199935913086,0,29103.552303219778,0.0
1291,2020-03-11,0,42.28200149536133,0,29103.552303219778,0.0
1292,2020-03-12,0,37.369998931884766,0,29103.552303219778,0.0
1293,2020-03-13,0,36.44133377075195,0,29103.552303219778,0.0
1294,2020-03-16,0,29.67133331298828,0,29103.552303219778,0.0
1295,2020-03-17,0,28.68000030517578,0,29103.552303219778,0.0
1296,2020-03-18,0,24.08133316040039,0,29103.552303219778,0.0
1297,2020-03-19,1,28.50933265686035,1,29074.44875091656,-0.0010000000000000009
1298,2020-03-20,0,28.50200080871582,1,29066.971569823145,-0.0002571736151378845
1299,2020-03-23,0,28.952667236328125,1,29526.571172208773,0.015811747064244486
1300,2020-03-24,1,33.66666793823242,1,34334.01347431122,0.16281749323562988
1301,2020-03-25,0,35.95000076293945,1,36662.60685081227,0.06782176450892652
1302,2020-03-26,0,35.21066665649414,1,35908.61755732818,-0.020565621439638138
1303,2020-03-27,2,34.29066848754883,0,34935.41266924965,-0.027102265536254833
1304,2020-03-30,0,33.47533416748047,0,34935.41266924965,0.0
1305,2020-03-31,0,34.93333435058594,0,34935.41266924965,0.0
1306,2020-04-01,0,32.104000091552734,0,34935.41266924965,0.0
1307,2020-04-02,0,30.29800033569336,0,34935.41266924965,0.0
1308,2020-04-03,0,32.000667572021484,0,34935.41266924965,0.0
1309,2020-04-06,0,34.41600036621094,0,34935.41266924965,0.0
1310,2020-04-07,1,36.36333465576172,1,34900.4772565804,-0.0010000000000000009
1311,2020-04-08,0,36.589332580566406,1,35117.383530698215,0.006214994497730331
1312,2020-04-09,1,38.20000076293945,1,36663.25628408997,0.04402015748241661
1313,2020-04-13,1,43.39666748046875,1,41650.86675221909,0.13603839302984921
1314,2020-04-14,1,47.32600021362305,1,45422.12670362895,0.09054457315006381
1315,2020-04-15,0,48.65533447265625,1,46697.98329139737,0.028088878270565276
1316,2020-04-16,0,49.680667877197266,1,47682.06864837455,0.021073401625000487
1317,2020-04-17,0,50.259334564208984,1,48237.45620400934,0.011647723586206471
1318,2020-04-20,0,49.75733184814453,1,47755.648511161424,-0.009988248360573104
1319,2020-04-21,0,45.78133392333984,1,43939.60065800145,-0.0799077799617377
1320,2020-04-22,0,48.807334899902344,1,46843.868906792995,0.06609682849410858
1321,2020-04-23,0,47.04199981689453,1,45149.55133394093,-0.03616946277907385
1322,2020-04-24,1,48.34333419799805,1,46398.534448412065,0.02766324531628772
1323,2020-04-27,1,53.25,1,51107.81042239858,0.10149622245552803
1324,2020-04-28,0,51.27466583251953,1,49211.94179981683,-0.037095477323576875
1325,2020-04-29,0,53.367332458496094,1,51220.42272371712,0.040812876924676944
1326,2020-04-30,0,52.12533187866211,1,50028.386476230466,-0.02327267492336993
1327,2020-05-01,0,46.75466537475586,1,44873.776043863014,-0.1030337133662409
1328,2020-05-04,0,50.74599838256836,1,48704.54206632204,0.08536758793631605
1329,2020-05-05,0,51.2140007019043,1,49153.71716141808,0.009222447764407393
1330,2020-05-06,0,52.172000885009766,1,50073.17803921671,0.018705825945557253
1331,2020-05-07,0,52.00266647338867,1,49910.65576678255,-0.003245695176505081
1332,2020-05-08,0,54.62799835205078,1,52430.37339965659,0.050484562748442485
1333,2020-05-11,0,54.08599853515625,1,51910.17764583837,-0.0099216488475673
1334,2020-05-12,0,53.96066665649414,1,51789.88773232576,-0.002317270311292252
1335,2020-05-13,0,52.73066711425781,1,50609.36973374827,-0.02279437261341355
1336,2020-05-14,0,53.55533218383789,1,51400.8594246041,0.01563919280204029
1337,2020-05-15,0,53.27799987792969,1,51134.683895695875,-0.00517842565061899
1338,2020-05-18,0,54.242000579833984,1,52059.903897949094,0.018093785504579962
1339,2020-05-19,0,53.867332458496094,1,51700.30826758941,-0.006907343337870575
1340,2020-05-20,0,54.37066650390625,1,52183.39373185159,0.009343957133907788
1341,2020-05-21,0,55.17333221435547,1,52953.76907386471,0.01476284478490908
1342,2020-05-22,0,54.45866775512695,1,52267.85478845857,-0.012953077701595928
1343,2020-05-26,0,54.591331481933594,1,52395.18159784003,0.0024360442933191173
1344,2020-05-27,0,54.68199920654297,1,52482.2018585117,0.0016608447192643094
1345,2020-05-28,0,53.72066879272461,1,51559.5447215593,-0.017580381620416974
1346,2020-05-29,0,55.66666793823242,1,53427.25843819335,0.03622440280883765
1347,2020-06-01,0,59.87333297729492,1,57464.69391851144,0.07556883131087
1348,2020-06-02,0,58.77066802978515,1,56406.387982422166,-0.018416628784102107
1349,2020-06-03,1,58.86399841308594,1,56495.96378592239,0.0015880436011632693
1350,2020-06-04,0,57.62533187866211,1,55307.12745882563,-0.021042854169221137
1351,2020-06-05,0,59.04399871826172,1,56668.7228746153,0.024618805538279664
1352,2020-06-08,0,63.327999114990234,1,60780.38259528162,0.0725560681818036
1353,2020-06-09,0,62.711334228515625,1,60188.525466415995,-0.009737634144336038
1354,2020-06-10,0,68.336669921875,1,65587.5600237599,0.08970205725269786
1355,2020-06-11,0,64.85600280761719,1,62246.91636143191,-0.0509341048991272
1356,2020-06-12,0,62.35200119018555,1,59843.648005355375,-0.03860863311078966
1357,2020-06-15,0,66.05999755859375,1,63402.47571321545,0.059468762792361796
1358,2020-06-16,0,65.47533416748047,1,62841.33269436222,-0.008850490655781473
1359,2020-06-17,0,66.11933135986328,1,63459.42258019993,0.009835722116904755
1360,2020-06-18,0,66.9306640625,1,64238.11625073231,0.012270733625857844
1361,2020-06-19,0,66.72666931152344,1,64042.32798669335,-0.0030478518902198326
1362,2020-06-22,0,66.28800201416016,1,63621.30779754502,-0.0065740925163715325
1363,2020-06-23,0,66.78533172607422,1,64098.63047611648,0.0075025599927998066
1364,2020-06-24,0,64.0566635131836,1,61479.7336173364,-0.040857298187609414
1365,2020-06-25,0,65.73200225830078,1,63087.675307078156,0.02615401198303724
1366,2020-06-26,0,63.982666015625,1,61408.71295861421,-0.026613159231048344
1367,2020-06-29,0,67.29000091552734,1,64582.99737302908,0.05169110801188981
1368,2020-06-30,0,71.98733520507812,1,69091.36301361112,0.0698073149894527
1369,2020-07-01,1,74.64199829101562,1,71639.23189119672,0.03687680726581788
1370,2020-07-02,1,80.57733154296875,1,77335.79314255032,0.0795173412803385
1371,2020-07-06,1,91.43866729736328,1,87760.18917390458,0.13479393703429587
1372,2020-07-07,0,92.65733337402344,1,88929.82963989812,0.013327688522591918
1373,2020-07-08,0,91.05867004394533,1,87395.47879665169,-0.01725350030984485
1374,2020-07-09,0,92.9520034790039,1,89212.64548708103,0.02079245649145589
1375,2020-07-10,0,102.97666931152344,1,98834.02991743418,0.10784776505418647
1376,2020-07-13,0,99.8040008544922,1,95788.99446137641,-0.03080958510547016
1377,2020-07-14,0,101.12000274658205,1,97052.05502882139,0.013185863099901995
1378,2020-07-15,0,103.06732940673828,1,98921.04285563355,0.019257581163604875
1379,2020-07-16,0,100.04266357421876,1,96018.05603949244,-0.029346504366899562
1380,2020-07-17,0,100.05599975585938,1,96030.85572105201,0.0001333049437524103
1381,2020-07-20,0,109.53333282470705,1,105126.92598945757,0.09472028755869455
1382,2020-07-21,0,104.55733489990234,1,100351.107048553,-0.045429074387502655
1383,2020-07-22,0,106.15533447265624,1,101884.82083671038,0.015283476518254124
1384,2020-07-23,0,100.87133026123048,1,96813.38636706337,-0.049776153385742705
1385,2020-07-24,0,94.46666717529295,1,90666.37591043558,-0.0634933937061316
1386,2020-07-27,0,102.63999938964844,1,98510.90386030532,0.08652080631985237
1387,2020-07-28,0,98.43267059326172,1,94472.83132489817,-0.040991122577997974
1388,2020-07-29,0,99.94066619873048,1,95920.16190747297,0.01532007204904584
1389,2020-07-30,0,99.16600036621094,1,95176.66003875712,-0.007751257440881343
1390,2020-07-31,2,95.38400268554688,0,91455.26120292778,-0.03909990993920087
1391,2020-08-03,2,99.0,0,91455.26120292778,0.0
1392,2020-08-04,0,99.13333129882812,0,91455.26120292778,0.0
1393,2020-08-05,0,99.00133514404295,0,91455.26120292778,0.0
1394,2020-08-06,2,99.30533599853516,0,91455.26120292778,0.0
1395,2020-08-07,2,96.84733581542967,0,91455.26120292778,0.0
1396,2020-08-10,0,94.5713348388672,0,91455.26120292778,0.0
1397,2020-08-11,0,91.6259994506836,0,91455.26120292778,0.0
1398,2020-08-12,1,103.65066528320312,1,91363.80594172486,-0.0009999999999998899
1399,2020-08-13,0,108.06666564941406,1,95256.32896021883,0.042604650478076156
1400,2020-08-14,0,110.04733276367188,1,97002.20570271506,0.01832819678811415
1401,2020-08-17,0,122.3759994506836,1,107869.41921875684,0.11203058154519474
1402,2020-08-18,1,125.80599975585938,1,110892.82366489232,0.028028374195693706
1403,2020-08-19,0,125.23533630371094,1,110389.80726111267,-0.004536059116861502
1404,2020-08-20,0,133.45533752441406,1,117635.40085491246,0.06563643667445929
1405,2020-08-21,0,136.6653289794922,1,120464.87653242052,0.024052926729070556
1406,2020-08-24,0,134.27999877929688,1,118362.30589361057,-0.017453806448256226
1407,2020-08-25,1,134.8893280029297,1,118899.40458748293,0.004537751185374361
1408,2020-08-26,0,143.54466247558594,1,126528.72656973785,0.06416619165356274
1409,2020-08-27,0,149.25,1,131557.74735786664,0.039746079206424145
1410,2020-08-28,0,147.55999755859375,1,130068.07959089376,-0.011323299439907952
1411,2020-08-31,1,166.10667419433594,1,146416.21358870293,0.1256890549105465
1412,2020-09-01,0,158.35000610351562,1,139579.02912618392,-0.0466969080468459
1413,2020-09-02,0,149.1233367919922,1,131446.0989403214,-0.05826756524083643
1414,2020-09-03,0,135.6666717529297,1,119584.60118830515,-0.09023849203316059
1415,2020-09-04,1,139.44000244140625,1,122910.63727146955,0.027813247275265907
1416,2020-09-08,0,110.06999969482422,1,97022.18567190715,-0.21062824320390794
1417,2020-09-09,1,122.09333038330078,1,107620.25804118476,0.10923349433825713
1418,2020-09-10,1,123.77999877929688,1,109106.98698401192,0.013814582587770907
1419,2020-09-11,2,124.23999786376952,0,109402.94483385578,0.0027125471798357115
1420,2020-09-14,2,139.8733367919922,0,109402.94483385578,0.0
1421,2020-09-15,2,149.9199981689453,0,109402.94483385578,0.0
1422,2020-09-16,2,147.25332641601562,0,109402.94483385578,0.0
1423,2020-09-17,2,141.14332580566406,0,109402.94483385578,0.0
1424,2020-09-18,2,147.38333129882812,0,109402.94483385578,0.0
1425,2020-09-21,0,149.79666137695312,0,109402.94483385578,0.0
1426,2020-09-22,0,141.41000366210938,0,109402.94483385578,0.0
1427,2020-09-23,0,126.7866668701172,0,109402.94483385578,0.0
1428,2020-09-24,0,129.26333618164062,0,109402.94483385578,0.0
1429,2020-09-25,1,135.77999877929688,1,109293.54188902193,-0.0010000000000000009
1430,2020-09-28,0,140.39999389648438,1,113012.31957650854,0.034025594039789775
1431,2020-09-29,0,139.69000244140625,1,112440.82538344584,-0.005056919415549199
1432,2020-09-30,0,143.00332641601562,1,115107.82284895242,0.02371912031427703
1433,2020-10-01,0,149.3866729736328,1,120245.97692657237,0.0446377487684948
1434,2020-10-02,2,138.3633270263672,0,111261.57015760633,-0.07471690112719809
1435,2020-10-05,2,141.89332580566406,0,111261.57015760633,0.0
1436,2020-10-06,2,137.9933319091797,0,111261.57015760633,0.0
1437,2020-10-07,0,141.76666259765625,0,111261.57015760633,0.0
1438,2020-10-08,0,141.97332763671875,0,111261.57015760633,0.0
1439,2020-10-09,0,144.6666717529297,0,111261.57015760633,0.0
1440,2020-10-12,0,147.43333435058594,0,111261.57015760633,0.0
1441,2020-10-13,0,148.88333129882812,0,111261.57015760633,0.0
1442,2020-10-14,0,153.76666259765625,0,111261.57015760633,0.0
1443,2020-10-15,0,149.6266632080078,0,111261.57015760633,0.0
1444,2020-10-16,0,146.55667114257812,0,111261.57015760633,0.0
1445,2020-10-19,2,143.61000061035156,0,111261.57015760633,0.0
1446,2020-10-20,0,140.64666748046875,0,111261.57015760633,0.0
1447,2020-10-21,1,140.8800048828125,1,111150.30858744874,-0.0009999999999997788
1448,2020-10-22,0,141.92999267578125,1,111978.71903007053,0.007453064711646862
1449,2020-10-23,0,140.2100067138672,1,110621.6991279783,-0.012118551755604723
1450,2020-10-26,0,140.0933380126953,1,110529.65084796483,-0.0008320996760949884
1451,2020-10-27,0,141.55999755859375,1,111686.80342795617,0.010469159823756291
1452,2020-10-28,2,135.33999633789062,0,106672.62034327896,-0.04489503621537183
1453,2020-10-29,0,136.94332885742188,0,106672.62034327896,0.0
1454,2020-10-30,0,129.34666442871094,0,106672.62034327896,0.0
1455,2020-11-02,0,133.50332641601562,0,106672.62034327896,0.0
1456,2020-11-03,2,141.3000030517578,0,106672.62034327896,0.0
1457,2020-11-04,0,140.32666015625,0,106672.62034327896,0.0
1458,2020-11-05,0,146.02999877929688,0,106672.62034327896,0.0
1459,2020-11-06,0,143.31666564941406,0,106672.62034327896,0.0
1460,2020-11-09,0,140.4199981689453,0,106672.62034327896,0.0
1461,2020-11-10,0,136.7866668701172,0,106672.62034327896,0.0
1462,2020-11-11,0,139.0433349609375,0,106672.62034327896,0.0
1463,2020-11-12,0,137.25332641601562,0,106672.62034327896,0.0
1464,2020-11-13,2,136.1666717529297,0,106672.62034327896,0.0
1465,2020-11-16,0,136.02999877929688,0,106672.62034327896,0.0
1466,2020-11-17,0,147.20333862304688,0,106672.62034327896,0.0
1467,2020-11-18,1,162.2133331298828,1,106565.94772293569,-0.0010000000000000009
1468,2020-11-19,0,166.42333984375,1,109331.70899993228,0.025953518324515645
1469,2020-11-20,0,163.20333862304688,1,107216.3312123463,-0.019348255020757876
1470,2020-11-23,0,173.9499969482422,1,114276.34167623364,0.06584827501609536
1471,2020-11-24,0,185.1266632080078,1,121618.84558373438,0.06425217853318599
1472,2020-11-25,0,191.3333282470703,1,125696.31029840684,0.03352658623835669
1473,2020-11-27,0,195.2533264160156,1,128271.55064323933,0.020487795852708768
1474,2020-11-30,0,189.1999969482422,1,124294.8196362022,-0.03100243964538618
1475,2020-12-01,0,194.9199981689453,1,128052.5708598486,0.030232565079099327
1476,2020-12-02,1,189.6066741943359,1,124561.98599861602,-0.027258998689319247
1477,2020-12-03,0,197.7933349609375,1,129940.20766785782,0.04317707064578724
1478,2020-12-04,0,199.67999267578125,1,131179.64627337694,0.00953853028069096
1479,2020-12-07,0,213.9199981689453,1,140534.6089739078,0.07131413268972553
1480,2020-12-08,0,216.6266632080078,1,142312.75087809566,0.012652697560911808
1481,2020-12-09,0,201.4933319091797,1,132370.91834837684,-0.06985904262531561
1482,2020-12-10,0,209.02333068847656,1,137317.74633585068,0.03737095767859411
1483,2020-12-11,0,203.3300018310547,1,133577.5175045763,-0.027237767375868138
1484,2020-12-14,0,213.27667236328125,1,140111.97648832586,0.048918853305726984
1485,2020-12-15,0,211.0833282470703,1,138671.06044328416,-0.01028403196611638
1486,2020-12-16,0,207.58999633789065,1,136376.1182308926,-0.016549539644792555
1487,2020-12-17,0,218.63333129882812,1,143631.03022503702,0.053197818564254984
1488,2020-12-18,1,231.6666717529297,1,152193.27508301623,0.059612778969587055
1489,2020-12-21,0,216.6199951171875,1,142308.37028000265,-0.06494968189377415
1490,2020-12-22,0,213.44667053222656,1,140223.65667906773,-0.01464926902636221
1491,2020-12-23,1,215.32666015625,1,141458.71468649385,0.008807772074100217
1492,2020-12-24,0,220.58999633789065,1,144916.46009840677,0.02444349518922251
1493,2020-12-28,0,221.22999572753903,1,145336.90729706813,0.002901307404113096
1494,2020-12-29,0,221.9966735839844,1,145840.5758352448,0.003465523985226593
1495,2020-12-30,0,231.5933380126953,1,152145.0985282451,0.04322886588244468
1496,2020-12-31,0,235.22332763671875,1,154529.8179409135,0.01567398119122254
